-0.03659 -0.04149 -0.02359
0.09254 -0.0848 0.05962
-0.06098 0.02419 -0.13107
0.04955 -0.01329 0.25987
-0.06391 -0.0656 -0.16475
-0.01487 -0.05205 0.05028
-0.18566 0.07679 -0.06994
0.05271 0.01217 -0.08655
-0.03735 -0.03801 -0.09949
0.00589 -0.03122 -0.00398
0.10695 -0.00538 -0.20963
0.07241 0.09615 0.06483
-0.00448 0.01573 0.02991
-0.08764 -0.05032 0.06931
-0.0007 0.00306 0.01798
-0.15242 0.10881 -0.08712
0.07472 -0.05562 0.00334
-0.13753 0.13837 0.12044
-0.06674 -0.04407 0.17032
-0.07804 -0.02595 0.04784
0.04285 0.07381 0.01294
-0.12319 0.08218 -0.13194
0.0502 -0.11375 0.10623
-0.0493 0.04295 0.09221
-0.01366 -0.0425 0.10638
-0.00769 -0.12581 0.07731
0.00042 -0.2021 -0.06496
0.04968 0.30559 0.04943
0.04924 -0.1405 0.06534
-0.0075 -0.12768 0.01608
0.04792 -0.01133 -0.0062
0.048 -0.02609 -0.0517
0.0427 0.04077 -0.0218
-0.2136 -0.06298 -0.08294
0.05958 -0.0181 -0.15467
-0.03673 -0.00422 -0.31792
0.01498 -0.00681 -0.03019
-0.13839 0.17631 -0.12303
0.00084 -0.03912 0.03839
-0.0042 -0.10481 -0.16013
-0.01316 0.02647 0.02012
-0.09488 0.02125 0.01687
-0.00901 -0.08566 -0.07676
-0.00551 -0.03948 -0.02587
0.07725 -0.07876 -0.18384
0.01249 -0.09262 0.00567
0.08084 -0.0209 -0.04148
-0.18065 0.11503 0.26989
-0.00274 -0.00421 -0.00609
0.02003 0.12329 0.04277
0.13045 -0.083 -0.02616
-0.03458 -0.09123 0.17619
-0.06105 0.03158 -0.02178
0.03032 0.06127 -0.05335
0.09139 -0.06463 -0.15503
0.05904 0.11537 0.1252
0.06828 -0.17633 -0.0445
-0.0758 0.03435 -0.21082
-0.01503 0.07617 0.08504
0.14949 -0.22579 0.02394
0.00565 -0.06883 0.13054
0.10761 -0.02598 -0.12367
0.11249 0.06284 -0.02113
0.0154 -0.01521 0.02173
0.33234 0.07554 0.02502
0.07117 -0.00557 -0.00791
0.02655 -0.05833 -0.0402
-0.00807 -0.00546 -0.01448
-0.20079 0.01556 0.03621
-0.09744 -0.03231 -0.21841
0.01725 -0.02632 -0.02851
0.02514 -0.02649 -0.02259
0.05616 0.20024 0.04347
-0.05789 -0.03359 -0.00674
0.00235 0.00406 0.01499
0.03771 0.01895 -0.05347
-0.17798 -0.0868 0.05836
0.16869 -0.04137 0.11955
0.06593 -0.06562 0.03514
-0.08014 -0.05688 0.23264
-0.09013 0.11524 -0.10136
0.03975 0.00574 0.10524
-0.00675 0.03958 -0.12726
-0.0071 -0.01351 0.00605
-0.0149 -0.00675 0.00172
0.13412 -0.0495 0.10124
-0.02261 -0.01031 -0.0245
-0.00443 -0.20715 0.10714
0.0804 0.03666 0.08941
-0.06612 -0.10894 -0.0108
0.1368 -0.00707 -0.0329
0.00339 0.04017 -0.00824
0.18658 0.09765 0.06934
0.15288 0.01093 0.08207
0.16563 -0.03536 0.08679
-0.00965 0.01428 -0.02614
-0.02373 0.07651 -0.30093
0.0578 -0.0547 -0.05797
0.00651 -0.01987 0.00503
0.03698 0.06366 -0.01971
-0.0046 0.19751 -0.11181
0.09004 -0.15358 -0.10626
0.02973 0.02148 0.01698
0.0766 0.11429 0.12646
0.08415 -0.06113 0.00236
0.03294 -0.06993 0.01238
0.00098 0.08821 0.10348
-0.05495 0.01132 -0.02157
0.13524 -0.02086 0.06874
0.01662 0.03492 0.0894
0.09858 0.20764 -0.04149
-0.08742 -0.05382 -0.19261
-0.14574 0.02445 -0.09148
-0.10447 -0.09559 0.15659
0.06544 0.0514 0.0056
0.12294 0.03278 0.13571
-0.08079 -0.07496 -0.20774
0.20228 0.16853 -0.06275
-0.10188 -0.15679 -0.14463
-0.13071 -0.07193 -0.15968
0.00778 0.03544 0.00421
-0.02128 0.02374 -0.03902
-0.10498 0.2421 -0.02607
-0.00186 0.01094 0.00746
-0.02769 0.05778 0.03058
0.09094 0.11461 0.03393
-0.20791 -0.04999 -0.03671
0.14302 -0.0883 -0.00241
0.1523 -0.24913 0.13334
-0.23982 0.05789 0.21859
-0.01072 0.00725 -0.01582
0.04703 -0.00044 0.01226
0.12467 0.1208 0.0764
0.01585 -0.06811 -0.15851
0.05859 -0.12936 0.00864
0.04273 -0.14413 -0.21031
0.06748 0.05521 0.06211
0.0696 -0.04814 0.02712
-0.0031 -0.25771 -0.05319
-0.01902 0.06476 0.02114
-0.23013 -0.2276 -0.09179
-0.01278 -0.03204 0.00033
0.13325 -0.18987 -0.25917
-0.06636 -0.01193 -0.02608
0.17101 0.24755 -0.03601
-0.02925 0.01213 -0.04403
0.16537 -0.20248 0.04995
0.0929 -0.00804 0.09997
0.15486 -0.08033 0.09654
-0.12718 -0.11202 0.10683
-0.02049 0.05977 0.0415
0.086 -0.07919 -0.23004
0.02247 0.0167 -0.06292
0.02877 -0.01356 0.01452
-0.07201 -0.0807 -0.01919
-0.11658 -0.25337 0.05522
-0.00242 -0.02643 -0.01105
0.02165 -0.02385 0.0392
-0.10652 0.28218 0.12146
0.03255 0.00633 0.03383
-0.00671 -0.01267 0.0152
-0.02493 -0.13905 0.19324
0.12172 -0.103 -0.13452
-0.03236 0.16117 0.1769
-0.05508 0.07275 0.08437
0.01228 -0.03426 -0.03863
-0.00826 -0.00288 0.00343
0.17323 -0.05358 -0.06504
-0.09681 0.0072 -0.00262
0.04537 0.01167 0.08517
-0.09726 0.05409 -0.0523
-0.07598 -0.09903 0.11711
0.00193 -0.00145 -0.00119
0.09755 0.07511 0.0519
0.05 -0.00914 0.02133
0.0597 0.32974 -0.06453
-0.05772 -0.27207 -0.06933
-0.14951 -0.14945 -0.1022
-0.08439 0.25769 0.15901
0.0124 -0.10174 -0.03
0.00154 -0.00672 -0.00268
-0.00565 0.00281 -0.00874
0.02879 -0.03883 -0.13643
0.06742 0.00107 0.0656
-0.06886 0.17494 0.01054
-0.01854 0.00415 -0.00907
-0.13008 -0.12924 0.08908
-0.08722 0.1091 0.08134
-0.18078 0.07591 0.00211
0.00263 0.00039 -0.01381
-0.03541 -0.01081 0.06205
0.03453 -0.15507 -0.06533
-0.03542 -0.00337 -0.00869
0.01489 -0.0833 -0.01412
-0.11809 -0.16892 -0.20085
-0.09829 -0.07388 -0.03944
-0.0916 -0.2227 0.16304
-0.03058 -0.13775 -0.13159
-0.12549 -0.11491 0.00364
-0.09334 -0.09738 0.03837
-0.32417 0.14663 0.10491
-0.05777 -0.01824 -0.02912
-0.12881 0.14639 -0.31201
0.14031 0.16478 0.02038
-0.03713 -0.02769 -0.01785
-0.04323 0.06204 0.12569
-0.11823 0.09179 0.07707
0.07691 0.02584 0.01012
-0.00218 0.01709 0.01529
0.04718 -0.04928 0.06434
-0.1144 -0.03745 -0.02447
-0.03031 0.04486 -0.09628
0.02659 -0.0147 0.0391
-0.01421 0.00157 0.00324
0.15886 0.07169 -0.01605
0.15085 0.11992 0.05347
0.28683 -0.10358 0.00785
0.09182 0.06868 0.05036
0.12073 0.04409 -0.06258
-0.00606 0.02793 -0.03944
-0.03607 -0.05043 -0.06246
0.00091 -0.11485 0.03265
-0.00161 0.02808 0.08832
-0.03402 0.09121 -0.17362
0.02303 -0.02414 0.00014
0.12421 -0.12946 0.01133
0.05876 0.10338 -0.02869
0.11371 -0.19642 0.02574
0.00452 -0.075 -0.01562
0.01411 -0.21324 -0.0276
0.11815 -0.10816 -0.0357
-0.16568 -0.10072 -0.01141
0.07442 0.02989 0.01285
-0.03875 -0.152 -0.07856
-0.00296 -0.02551 -0.01821
-0.03448 0.07898 -0.01748
0.03389 -0.03298 -0.24192
0.0032 -0.03033 0.01784
0.08269 -0.06194 0.1052
0.08812 0.03548 -0.06939
0.02121 -0.09239 0.09488
-0.0054 0.00193 -0.00011
-0.15876 -0.02067 -0.08904
-0.00842 -0.03892 -0.04786
0.16346 -0.02832 0.02839
0.0028 -0.02289 0.12367
-0.08681 0.20198 0.08104
0.02453 0.06147 0.1533
-0.01324 -0.00119 0.01026
-0.07721 0.04875 0.04365
-0.15322 -0.16711 -0.07037
-0.01099 -0.07285 0.15288
-0.19292 -0.01736 -0.05907
0.29028 -0.1095 -0.13726
0.08158 -0.00226 0.10377
-0.01856 -0.08328 -0.15686
0.01506 0.10626 0.08236
-0.0095 -0.0142 -0.00299
-0.0086 0.00072 -0.01266
0.10001 -0.10567 -0.14969
0.14762 -0.07066 -0.20638
-0.03447 -0.0005 -0.00063
-0.04266 -0.06516 -0.07477
0.01758 0.10123 0.11914
0.02054 0.00331 -0.01313
-0.04697 0.07846 0.07995
0.07344 -0.07305 -0.02451
0.08735 0.05632 0.04739
-0.00957 -0.15255 -0.03131
-0.00143 0.00497 0.00278
0.16952 -0.00073 -0.0259
0.00204 0.00394 -0.00339
0.01518 0.27595 0.2809
0.02094 -0.0226 0.04957
-0.06177 0.0416 0.00069
0.193 -0.01552 0.11712
-0.15821 0.05485 -0.04839
-0.08915 0.05717 0.12936
0.06019 -0.09213 -0.09444
-0.13843 -0.11846 -0.07661
0.0094 -0.00408 -0.0095
0.22041 -0.13047 -0.07784
-0.15731 -0.19637 0.1564
-0.14832 -0.08537 0.02753
0.0184 -0.29668 0.07461
-0.05669 0.03098 0.25173
0.17109 -0.07093 -0.07423
-0.10622 -0.14022 0.02266
-0.18221 0.0212 -0.01975
-0.11697 -0.06974 0.09084
-0.00138 0.02712 -0.03407
-0.07817 -0.19861 0.03527
0.03027 -0.14584 -0.04657
0.20455 -0.07419 -0.11785
-0.09661 0.17678 0.05006
0.121 0.02604 -0.03687
0.11664 -0.11699 -0.02642
0.00606 -0.02276 -0.02675
-0.06682 -0.00356 -0.04255
-0.03904 -0.21863 -0.00091
-0.08494 -0.05821 -0.13176
0.00424 0.0505 -0.03281
0.03458 -0.17986 0.00656
0.12199 -0.03539 0.03887
0.01697 -0.01065 -0.01277
0.1009 0.06517 0.10703
0.17594 -0.06132 0.10201
0.22663 0.27334 -0.05362
-0.02319 0.03683 0.03898
-0.02328 0.0368 0.00287
-0.01995 0.28228 0.08293
0.14032 0.01573 0.02956
0.05876 0.02741 -0.08499
-0.11282 0.11756 -0.08833
0.03689 0.03081 0.07874
-0.07807 0.13621 0.00016
-0.00176 0.04447 -0.01402
0.05212 0.01988 0.02214
-0.00551 0.03398 -0.12391
0.05738 0.01581 0.04827
-0.02064 -0.05999 -0.0676
-0.0027 -0.11589 0.05813
-0.20971 -0.04288 -0.09639
0.01015 0.0143 0.04318
0.09944 0.11598 0.03363
-0.0942 0.03827 -0.03819
0.02672 -0.06363 0.17438
0.144 -0.10702 -0.00822
0.06363 -0.23217 -0.16168
-0.02235 0.03717 -0.06092
0.02618 0.03007 -0.0261
0.16965 0.02189 -0.07659
-0.14937 -0.08773 -0.03676
-0.09816 0.22021 0.11516
0.0451 0.09625 0.07258
0.00866 0.02529 -0.00419
-0.03102 0.05522 0.05449
-0.01465 -0.0258 -0.02448
-0.14187 -0.04034 -0.11664
-0.02329 -0.0006 0.05214
-0.12367 -0.00174 0.21092
0.06011 -0.0738 0.14813
-0.09483 -0.02601 0.02344
0.06845 -0.15924 0.09791
0.17295 -0.14026 -0.10945
0.00112 0.08718 -0.19149
0.13245 -0.03876 0.10247
-0.13406 -0.02351 -0.03178
0.08742 -0.04906 0.01512
-0.11421 -0.05382 0.29845
0.05674 -0.01634 0.11633
0.2051 -0.27149 0.13026
-0.01398 -0.11358 -0.051
0.00992 0.01576 -0.32102
-0.12754 0.15835 -0.0172
-0.13068 0.06216 -0.21206
-0.02182 -0.0309 -0.03163
0.01201 -0.0216 -0.01229
0.08854 -0.01639 -0.01216
0.03038 -0.05182 0.13399
0.03438 0.01496 -0.00626
-0.01858 -0.01343 0.00408
-0.01038 -0.0019 0.00357
-0.10977 -0.07609 0.01793
-0.01095 0.04641 -0.01474
0.13826 0.17703 0.08443
0.16038 -0.04853 -0.25113
-0.3959 0.04323 0.07212
0.13642 0.04036 0.20644
-0.10121 -0.14069 -0.08291
-0.11043 0.1953 0.02866
0.0277 0.0339 -0.05396
-0.07942 -0.00028 0.12162
-0.01693 0.0934 -0.24654
-0.02331 -0.02415 0.0337
-0.08575 0.04844 0.10066
-0.11983 0.22605 -0.16301
-0.06659 -0.02694 0.02768
-0.1814 0.02602 0.01103
-0.02314 -0.01583 -0.06567
-0.13982 -0.04651 0.16061
0.0075 0.10371 -0.14092
-0.26324 0.24814 0.10217
0.00299 0.01328 0.06815
0.13831 0.09815 0.04469
-0.03787 0.03466 0.01876
0.0065 -0.00076 -0.00133
0.07668 -0.0335 0.06163
-0.00521 0.2685 -0.05493
-0.03863 -0.18298 0.09053
-0.12169 0.09852 -0.07194
-0.0414 -0.0673 0.05121
-0.21239 -0.05448 0.05522
0.00681 -0.00806 -0.05202
-0.15927 -0.07602 0.11301
-0.01975 0.05838 0.02829
-0.00341 0.01247 0.01825
0.02422 0.06095 0.11484
-0.04525 -0.18722 0.03473
-0.02983 0.04883 -0.06689
0.14837 0.21071 0.02279
0.09195 0.23075 -0.09393
0.04617 -0.04214 -0.05422
-0.01043 0.0904 -0.00588
0.05207 0.02068 -0.19228
0.02167 0.18183 -0.17687
-0.01799 -0.02303 0.04346
0.04975 0.03371 -0.0093
0.02588 0.05998 -0.12127
0.16103 -0.2073 0.07453
0.02031 0.15162 0.03961
0.12482 -0.01522 0.16326
0.01314 -0.06196 0.01132
0.12445 -0.00263 -0.00783
0.01853 0.05403 -0.09926
0.0121 0.06695 0.06585
0.04279 -0.14608 -0.01712
-0.03787 -0.06949 0.05619
-0.0219 -0.04354 0.0667
-0.10004 -0.01419 -0.03661
0.13322 0.16666 0.22599
0.01183 0.00087 -0.00503
-0.18062 0.03563 0.11641
0.0034 0.08681 0.046
0.19917 0.14337 0.15488
-0.03009 0.03787 -0.1213
-0.14222 0.0454 0.07048
-0.06344 0.03551 -0.1412
0.00068 -8e-05 0.00104
-0.02736 0.16686 0.15962
0.20175 0.01219 0.13375
-0.00875 0 0.00856
-0.1595 -0.02804 0.02426
-0.05436 -0.18034 0.06267
0.02881 0.02992 -0.00311
0.07483 -0.07857 -0.00988
0.0404 0.08241 0.03172
-0.09447 -0.03491 -0.06015
0.04117 0.00441 0.01443
0.00105 0.00872 0.00332
0.01481 0.00202 -0.02147
0.00209 -0.03154 -0.01304
0.07898 0.11124 -0.07045
0.02315 -0.01254 -0.02548
-0.01234 -0.00136 -0.00715
0.18076 0.13003 0.08561
0.00429 0.13044 -0.12725
-0.10169 0.00631 0.25497
0.09966 0.21186 -0.02415
-0.1333 -0.07974 -0.03395
-0.04264 -0.05905 0.06648
-0.00187 -0.17955 0.03761
0.06052 0.04387 -0.01136
-0.00877 -0.08685 0.02833
-0.19016 -0.09984 -0.01214
0.03015 0.02121 -0.01939
0.05662 -0.00098 -0.05274
0.00786 0.37818 0.16056
-0.01824 0.06479 -0.01558
0.22259 0.03435 -0.10219
0.04039 -0.01752 -0.00057
-0.02351 -0.1346 0.07033
-0.16856 -0.0048 -0.00938
0.00384 -0.02918 0.01404
-0.05975 -0.01168 -0.00728
0.06372 -0.16678 0.057
-0.11748 -0.00236 0.17598
-0.1014 0.13432 0.20363
-0.05008 0.0389 -0.03171
-0.11006 0.06144 0.18787
-0.00319 -0.00763 -0.10596
-0.00398 -0.01175 0.01887
-0.06035 0.01663 -0.01942
0.09555 0.10764 -0.13283
0.29588 0.0288 0.01427
0.0563 -0.00928 0.10548
0.02687 -0.08623 -0.12048
-0.26408 -0.17394 -0.03133
0.00822 -0.03839 0.04193
0.05751 0.03906 0.02197
-0.11288 0.11229 0.09149
-0.10321 -0.1575 -0.05069
0.02922 -0.11509 0.03228
0.02324 -0.03714 -0.04821
-0.0381 -0.06421 -0.06297
-0.04021 0.10334 0.0905
-0.07915 -0.02833 0.10414
0.11603 0.02274 -0.03463
-0.10546 0.07844 0.02952
-0.08491 -0.20774 -0.0035
0.10449 0.05694 -0.02896
-0.00227 -0.0117 -0.00689
-0.00818 0.02707 0.08731
-0.06599 -0.07951 -0.12628
0.00844 -0.10988 -0.06674
-0.06656 -0.06302 0.16385
0.02941 0.16606 0.07587
0.10405 -0.10023 0.10663
-0.23481 -0.18955 -0.20059
-0.03727 0.06684 -0.0117
0.08436 -0.10191 0.15209
-0.01149 -0.05034 -0.06824
-0.13124 0.0723 0.03078
0.01351 0.02764 -0.08531
0.08498 0.10686 0.0463
0.04019 0.02438 0.09172
-0.05495 -0.10509 -0.06093
0.26349 0.13215 0.09715
-0.16272 -0.01581 0.07999
0.11794 -0.02684 -0.09285
-0.10077 0.05173 0.08439
-0.05091 -0.06276 -0.21812
-0.01132 -0.00245 0.08412
-0.00995 0.00932 0.00062
-0.00835 -0.00727 -0.00069
0.11156 -0.00846 0.0096
-0.09372 -0.17814 -0.2331
-0.01656 -0.01499 0.01554
0.05141 -0.03577 -0.03755
0.04872 0.08737 0.18099
0.05169 -0.14336 -0.08028
0.00625 -0.01988 -0.04476
-0.01913 0.024 -0.05658
0.115 -0.03547 -0.02824
-0.16457 0.17906 0.03042
0.06925 -0.09282 -0.1559
-0.00145 0.01633 0.01621
0.0031 0.00086 0.00165
0.03891 -0.02662 -0.0069
-0.00953 -0.00732 -0.02538
-0.07092 0.06959 0.04487
0.00053 -0.0365 -0.0923
-0.02402 0.15758 -0.03352
0.02463 0.00917 -0.02253
0.0076 0.15675 -0.17044
0.0557 0.02617 0.05108
-0.1513 -0.04922 -0.09832
0.1014 -0.07607 0.01469
-0.00018 -0.01534 0.00798
0.01938 -0.02798 -0.05545
0.04984 -0.21784 -0.02887
0.03011 0.01866 -0.0254
0.04877 0.08826 0.21934
0.06138 -0.01096 0.01155
-0.16857 0.00297 0.25414
0.00704 0.02963 -0.12872
0.1353 -0.1039 -0.01614
0.0532 0.06805 0.10015
0.15915 0.04168 0.0802
0.02829 0.01114 0.0269
-0.02414 -0.05613 -0.07773
0.03307 0.09535 0.08797
-0.01595 -0.01332 0.00303
0.18739 -0.09924 0.1372
0.14426 0.10044 -0.04425
-0.06176 -0.03539 0.05481
-0.0221 0.01638 0.06251
0.04035 -0.02816 -0.04124
0.04659 -0.07021 -0.04747
0.21185 0.05181 -0.09809
0.03978 -0.01412 -0.00932
0.11686 0.08389 -0.04599
0.00359 -0.00574 0.04258
0.0097 0.03012 -0.01929
-0.05381 0.00914 -0.11563
-0.20427 -0.11298 0.06965
-0.00476 -0.03945 0.05592
-0.03517 0.02757 -0.00986
0.10586 -0.08943 -0.01807
-0.03839 -0.0193 -0.00068
0.00821 -0.04606 -0.01247
0.06554 -0.02441 -0.08825
-0.23444 -0.00294 -0.15999
-0.01498 -0.13122 -0.00687
0.16462 0.00432 0.19957
-0.21601 -0.04189 -0.11433
0.05264 -0.01199 -0.05195
-0.00436 0.05314 0.00014
0.00132 -0.00559 -0.03194
-0.02558 -0.01116 0.07792
-0.19014 -0.0415 -0.09754
0.02106 -0.01487 -0.04847
-0.08664 0.02264 0.01482
0.01225 0.09911 -0.04055
-0.18086 0.09012 -0.2016
-0.10747 0.07726 0.02644
-0.00112 0.03843 -0.10961
0.06617 -0.03357 -0.03399
0.02405 0.00507 0.03052
0.03253 0.00522 0.24344
0.02019 -0.07239 0.32269
-0.03096 -0.02187 -0.04653
0.1447 -0.17352 0.05535
0.04351 -0.0845 -0.08263
-0.04014 0.20803 -0.11919
-0.14423 0.10813 -0.03534
0.01797 0.03825 0.07021
-0.1225 -0.01225 -0.07563
0.00533 -0.00136 -0.0027
-0.00341 0.00048 -0.00251
-0.21418 -0.00619 0.04088
-0.03011 -0.03886 -0.01654
-0.03624 0.01126 0.06119
-0.18895 0.05521 0.03728
-0.0003 -0.00164 0.14066
-0.05517 8e-05 -0.02259
0.03852 -0.1027 -0.08303
-0.00291 0.01884 -0.00014
0.00331 0.15925 -0.13723
0.10725 0.07105 0.01989
0.05911 -0.10468 0.0346
-0.12324 -0.0963 -0.134
-0.13013 0.15079 0.04726
-0.03055 -0.14039 0.0221
-0.01584 -0.03776 0.01778
-0.01662 -0.00882 -0.02428
0.15108 -0.02825 0.03115
0.00148 0.01684 -0.04559
0.04794 -0.04795 0.02948
0.07207 -0.00419 -0.02787
0.04592 -0.16404 -0.00252
-0.02838 0.06036 0.01975
0.12375 0.02982 0.24451
-0.06581 0.00515 0.09251
0.00373 0.03373 -0.06317
-0.21611 0.13457 0.16876
0.00569 -0.00301 0.00533
0.01021 -0.0458 0.09121
-0.02322 0.12223 0.01427
-0.08095 -0.01727 0.08031
-0.07655 -0.02148 0.08189
0.05778 -0.00211 -0.03305
-0.15294 0.13974 -0.02925
-0.00735 0.01743 -0.26068
0.01135 -0.12909 0.03671
0.03198 -0.18786 0.06033
0.07994 -0.09845 -0.03648
0.06048 -0.18487 0.20845
-0.00602 -0.16065 0.15819
0.15499 -0.09938 0.30364
-0.04997 -0.05238 0.05803
-0.00497 0.08182 0.05638
0.16123 0.13267 -0.07288
-0.00577 -0.03087 -0.05029
0.05118 -0.00592 -0.15684
0.0206 0.00287 0.02153
0.00044 -0.00993 0.0088
0.02378 -0.01541 0.00437
0.10781 -0.02723 -0.14997
0.07829 -0.08886 -0.08221
-0.02958 0.09959 0.16394
0.05608 0.07976 -0.14426
0.1612 -0.0544 -0.12501
-0.102 -0.03356 -0.02517
0.15518 0.02609 -0.24371
0.14958 -0.02362 -0.0381
-0.01024 -0.05811 -0.0737
-0.10446 -0.07789 0.35479
0.00213 -0.03442 -0.011
0.00394 0.06473 -0.00355
0.02154 -0.06869 -0.04631
0.11654 -0.21424 -0.01127
0.11842 0.06086 0.16573
0.22875 -0.09838 -0.02545
-0.01017 -0.0351 -0.07165
-0.10729 0.01472 0.1382
-0.16334 -0.04835 -0.09365
0.0587 0.0683 -0.00408
0.0312 -0.1255 0.02617
-0.02189 -0.01978 -0.0175
-0.0277 -0.11388 0.19088
-0.02959 0.04767 -0.00492
0.1915 0.07687 -0.06754
0.0361 -0.04414 -0.04621
0.10772 0.1384 -0.05957
-0.20134 -0.01394 0.0522
0.0039 -0.00548 0.00149
0.00186 0.05324 -0.02721
-0.06045 0.11415 0.15966
0.0146 0.03399 0.02121
0.1092 -0.0084 0.05385
-0.1295 -0.0486 0.05461
0.29259 -0.09563 -0.1312
0.10735 0.08322 0.00686
-0.01294 0.03115 0.00369
0.03153 -0.08505 -0.11634
0.00249 0.04524 0.13495
0.07504 -0.02898 -0.06648
0.01266 0.05473 0.11222
0.12772 -0.02589 -0.1162
0.03785 0.13025 -0.1052
0.0626 -0.02362 0.02183
0.21742 -0.08306 -0.09665
0.21596 0.06218 -0.03555
4e-05 -0.00694 -0.00983
0.0754 0.12171 -0.24731
0.04105 -0.03067 -0.05327
-0.17323 -0.01734 0.15865
0.05159 -0.06585 -0.02755
-0.02083 0.01009 -0.0055
-0.13438 -0.29544 0.14495
-0.02286 0.03014 -0.06059
0.02464 0.08457 0.07076
0.12203 0.15064 0.06882
0.0296 0.04585 -0.18932
0.08554 0.08775 0.09554
-0.01829 -0.02322 0.00374
-0.00733 0.00135 -0.0102
0.01886 -0.07196 -0.04878
-0.11037 -0.21807 -0.0826
-0.0679 -0.02899 0.04445
-0.10264 -0.07616 0.06158
0.0585 0.00345 -0.07603
0.00755 -0.0307 -0.02355
-0.00624 -0.04752 -0.01279
-0.12435 0.02363 0.02405
-0.09561 0.06931 -0.00375
0.22902 -0.06785 -0.11318
-0.12611 0.14539 -0.04353
0.00565 0.03739 0.09889
-0.06303 -0.05194 -0.02511
-0.11316 0.06741 0.08189
0.14107 0.18579 -0.02883
-0.00041 0.00055 -0.00086
0.04582 0.04966 -0.09274
0.00095 -0.00357 0.00145
-0.00606 -0.00315 0.01066
-0.10828 -0.02303 -0.00403
-0.02855 0.24833 0.12174
-0.0689 -0.14001 0.07255
0.0025 -0.00415 0.00701
0.06417 -0.06774 -0.03283
0.06043 0.03572 0.02894
-0.02049 -0.08469 0.10323
0.01242 -0.01589 -0.00772
0.06179 -0.07413 -0.00151
0.00305 0.00287 -0.01286
-0.14622 0.19228 -0.12314
-0.00375 -0.00091 -0.00809
-0.02875 0.01727 -0.16983
-0.1456 -0.05942 -0.06768
-0.22519 -0.1118 -0.0775
-0.0527 -0.07992 0.08635
-0.01351 -0.01523 -0.00251
-0.11486 -0.08756 -0.06509
-0.05524 -0.25262 -0.13717
0.05545 -0.05253 0.12051
-0.0377 0.06701 0.14932
0.00148 0.00181 0.01831
0.0086 -0.01894 0.01733
-0.02902 0.02357 -0.02229
-0.06757 0.05333 0.13055
-0.04452 0.12368 -0.08586
0.00427 0.03892 -0.07644
0.05827 -0.04337 -0.0003
0.13683 0.05227 -0.08676
-0.01587 0.13336 -0.03344
0.03928 -0.13939 0.06405
0.10863 -0.04964 -0.07517
0.13641 0.12698 -0.01859
-0.05371 -0.08432 0.13799
0.03335 0.06566 -0.06697
-0.11341 0.0169 0.05053
0.01466 0.0079 -0.00131
-0.05568 -0.00081 0.04058
0.01669 0.02409 -0.00883
0.07363 -0.05023 -0.1124
-0.03143 -0.01573 0.0091
-0.16874 -0.07478 -0.02623
-0.02395 -0.1594 0.07692
-0.02558 -0.03559 -0.02577
0.03187 -0.00282 0.07296
-0.02656 -0.22853 -0.14542
0.06762 0.0502 -0.00474
-0.11067 0.02215 -0.18105
0.00428 -0.00425 -0.02486
0.01108 0.00509 0.01957
0.01786 -0.15944 0.09954
-0.04498 -0.06477 0.01746
-0.08351 -0.0087 0.01017
-0.0938 0.00028 -0.02805
-0.10797 -0.00124 0.07244
-0.06953 0.01887 -0.12063
0.00287 -0.01213 0.00815
-0.0616 -0.05621 0.17192
0.04859 -0.09725 0.00292
-0.01979 0.02107 -0.04779
0.02094 0.0138 0.06554
0.2187 0.05678 0.00661
-0.20096 0.06057 -0.06042
0.16922 -0.1019 0.06451
-0.05532 0.14971 -0.13369
0.00658 0.00259 0.04217
-0.02718 -0.03972 -0.05485
-0.13947 -0.13804 0.02643
0.05685 0.03824 -0.009
0.02535 -0.02397 -0.00725
-0.22531 0.0627 -0.25269
0.07718 0.03308 0.0597
-0.06032 -0.11736 0.04573
-0.00458 -0.00021 0.01838
-0.09708 -0.10569 0.15816
0.12205 0.17358 0.04766
0.04816 -0.02717 0.05455
-0.00691 -0.09304 0.02357
0.21331 0.18308 0.01239
-0.05661 -0.0936 -0.04624
-0.22981 0.00588 -0.01928
-0.01594 0.00366 -0.04116
-0.03596 0.04582 0.00734
-0.0558 0.00799 -0.01678
0.03965 -0.04318 -0.02779
-0.01718 -0.00491 -0.01977
0.05635 -0.03953 0.01141
0.11451 0.06967 -0.01465
0.08993 -0.0168 0.00663
0.12522 -0.11904 0.09859
0.20184 -0.03535 -0.14696
-0.14164 -0.03385 0.0551
-0.18863 -0.02276 0.07263
-0.03721 0.03684 0.06759
0.08717 -0.1303 0.13779
-0.05656 -0.00025 0.05748
0.01011 -0.00558 0.02958
0.04237 -0.06786 -0.02083
-0.18136 -0.04281 -0.00686
0.0032 0.00509 -0.01177
-0.07704 0.05133 0.01458
-0.02724 -0.05945 -0.01717
0.11792 -0.14429 -0.05883
0.00261 0.02305 -0.00192
-0.08313 0.02319 0.03671
0.05638 0.0448 -0.04958
0.07289 -0.01485 -0.07607
0.01088 0.1033 -0.23685
0.20934 0.04806 -0.05925
-0.14081 0.06932 0.07708
-0.15287 0.15947 -0.02318
0.08013 -0.05379 -0.01877
-0.02997 -0.02984 0.075
-0.08058 0.17562 -0.02909
-0.24126 0.04913 0.11961
0.08161 0.02237 -0.12196
0.051 0.21439 0.05745
-0.00929 0.0703 -0.03607
-0.04798 0.00301 -0.09436
0.12485 0.08535 -0.17396
0.12092 -0.06486 0.07849
-0.0295 -0.05873 0.15001
0.10316 0.06494 0.10535
0.14862 -0.08498 0.04402
0.12936 -0.23673 -0.03483
0.01104 -0.08732 -0.08126
0.02315 0.00531 -0.02209
-0.04419 -0.04303 0.02717
-0.07803 0.14695 0.0267
-0.00432 -0.11567 -0.13632
-0.04284 -0.04404 -0.03626
-0.09405 0.07694 0.0463
0.01539 0.01966 0.01049
-0.01533 -0.01174 0.00132
-0.00214 -0.03883 -0.0936
0.03418 0.06522 -0.02017
-0.00731 0.0009 0.00371
0.05118 -0.05326 0.11805
0.03725 -0.03259 -0.00939
-0.02002 0.05879 0.06439
0.09077 0.06894 0.04459
-0.0246 -0.00618 0.01664
-0.03281 0.02435 -0.00923
-0.22032 -0.24447 -0.0391
-0.16094 -0.12471 -0.17325
-0.16394 -0.08115 -0.05365
-0.03499 -0.05113 0.02855
0.03497 0.09555 0.07285
0.00279 0.00171 0.02476
0.088 0.02422 0.04066
0.009 0.00493 0.00838
-0.15578 -0.12325 -0.03238
0.26541 -0.01246 0.04449
-0.06044 0.00056 0.01399
0.06154 0.03446 0.00666
-0.01869 0.22663 0.03072
-0.05731 -0.09963 0.10617
0.02843 0.00881 0.17491
0.06379 -0.04328 -0.01341
-0.0303 0.03391 0.03207
0.23374 0.07421 -0.01302
0.18108 0.12075 -0.00798
0.05785 -0.13296 0.04318
-0.29194 0.18112 -0.09059
0.04287 0.19896 -0.09829
-0.06095 -0.26963 0.07531
0.06763 0.045 0.0356
-0.03505 -0.04371 0.03421
-0.05137 -0.09758 0.06446
-0.14377 -0.14989 -0.02004
-0.05296 -0.18143 -0.0496
-0.05728 -0.00538 -0.01167
-0.00392 -0.12951 0.04305
-0.00273 0.00127 -0.01442
0.20253 -0.14632 0.18902
0.07621 -0.02996 -0.09923
0.02213 0.06114 -0.02823
0.17884 0.12061 -0.04215
0.10918 0.01058 -0.13047
-0.03869 0.08623 0.13051
0.02065 -0.07854 -0.07927
0.07247 0.01017 0.04047
-0.00425 -0.07305 -0.01815
0.00141 0.04664 0.06765
-0.02128 0.02715 -0.1511
-0.04622 -0.05897 -0.05886
0.02855 0.17643 0.22663
0.06849 -0.05673 -0.00281
0.05959 0.13209 -0.00187
-0.0962 0.03055 -0.12107
-0.08092 -0.03998 -0.06173
0.00523 -0.12053 -0.10884
0.24251 -0.11808 0.013
0.01914 -0.02995 0.0052
0.02891 0.02664 0.04646
-0.06174 0.02643 -0.09464
0.09118 0.03867 -0.00377
-0.00678 0.09397 -0.07981
0.10698 0.03857 -0.10713
0.00052 -0.09294 0.0192
-0.05137 0.0435 -0.04681
-0.00744 0.26787 0.03483
0.09511 -0.08609 -0.03603
0.01027 -0.0888 -0.09
0.03308 0.04656 0.00719
0.05061 0.0462 0.04618
0.12681 0.03322 -0.0562
0.04685 -0.08437 -0.02493
-0.01352 0.01172 -0.00512
0.27805 -0.01416 -0.00659
0.00429 -0.05764 -0.03453
-0.12711 0.05894 -0.15748
-0.14524 0.19417 -0.20889
0.06839 -0.08347 0.08435
0.08471 -0.0419 0.10963
-0.04793 0.11395 -0.05633
0.1397 -0.05875 -0.26468
-0.00539 0.03145 -0.0242
0.00342 0.00452 -0.00925
-0.33007 0.01604 0.06271
-0.15505 -0.06364 -0.00639
0.12286 0.11871 0.16851
0.00585 0.01735 0.06846
-6e-05 0.02419 0.0902
0.01589 -0.03225 0.06145
0.01832 -0.07844 0.01099
0.13592 -0.14191 0.02064
0.0831 0.09037 -0.03612
0.01224 0.00888 -0.16585
0.09776 0.02736 0.15106
-0.0143 0.04826 -0.0327
-0.07219 -0.05869 -0.01622
-0.23285 0.08429 -0.01563
0.17092 0.05495 -0.06256
0.00569 -0.01341 0.11301
0.09869 -0.08659 -0.01978
0.13292 0.0467 0.04664
0.13467 -0.14775 -0.17686
0.07982 0.16863 0.02655
0.00912 0.00096 0.00794
-0.14687 0.00412 -0.28221
-0.07956 0.08319 -0.0142
0.06507 -0.07507 -0.12595
0.14772 0.04666 0.16848
-0.11474 0.05516 0.04752
-0.01292 0.00285 -0.03278
-0.1124 0.09143 0.08444
-0.20584 -0.01396 0.05458
0.01179 0.02349 0.25763
0.01837 0.02461 -0.02099
-0.0752 -0.00743 0.03222
-0.05473 -0.05334 0.08354
-0.00014 0.00013 0.00668
-0.11243 -0.16203 -0.06165
0.20704 0.09073 0.11958
-0.02034 -0.00289 -0.01609
-0.02254 -0.2903 -0.04846
-0.13637 0.06143 0.01069
-0.0285 0.05562 0.01742
0.01508 0.07612 0.18113
0.03008 -0.01766 -0.01169
0.02374 0.00269 0.00462
-0.06346 -0.19746 0.27243
0.05947 -0.05275 -0.17502
-0.00602 0.0065 -0.00573
-0.04671 0.35166 -0.18306
0.01932 0.00907 0.08944
0.02152 -0.13756 0.04629
-0.05784 0.0456 0.04575
0.09224 -0.10353 -0.13084
-0.06584 0.01421 0.07048
0.13886 -0.09318 0.04152
