2.23E+03	0.00022205	2.59E+03	0.000153479	3.40E+03	9.91E-05	1.73E+03	0.000105204	1.76E+03	2.01E-31	3.65E+03	6.75E-07	5.89E+03	4.19E-07	4.01E+03	4.53E-07
6.68E+03	0.000699434	7.76E+03	0.000505718	1.02E+04	0.000362316	5.20E+03	0.000573509	5.29E+03	6.84E-06	1.09E+04	1.74E-05	1.77E+04	1.14E-05	1.20E+04	4.53E-07
1.11E+04	0.00111416	1.29E+04	0.000820289	1.70E+04	0.000572758	8.67E+03	0.0011179	8.81E+03	5.36E-05	1.82E+04	6.71E-05	2.94E+04	5.21E-05	2.00E+04	1.09E-05
1.56E+04	0.00144759	1.81E+04	0.00111112	2.38E+04	0.00075797	1.21E+04	0.00159457	1.23E+04	0.000151025	2.55E+04	0.000146717	4.12E+04	0.000115551	2.81E+04	4.48E-05
2.00E+04	0.00179214	2.33E+04	0.00135055	3.06E+04	0.000920257	1.56E+04	0.00204326	1.59E+04	0.000284952	3.28E+04	0.000247191	5.30E+04	0.000180294	3.61E+04	9.64E-05
2.45E+04	0.00204026	2.85E+04	0.00158868	3.74E+04	0.00108775	1.91E+04	0.00244818	1.94E+04	0.000484989	4.01E+04	0.000356328	6.48E+04	0.000254779	4.41E+04	0.000176138
2.90E+04	0.00227153	3.36E+04	0.00177923	4.42E+04	0.00123852	2.25E+04	0.00282904	2.29E+04	0.000663939	4.74E+04	0.000468953	7.65E+04	0.00034414	5.21E+04	0.000273489
3.34E+04	0.00254862	3.88E+04	0.0019826	5.10E+04	0.00137888	2.60E+04	0.00318481	2.64E+04	0.000923816	5.47E+04	0.000589004	8.83E+04	0.000430463	6.01E+04	0.000383972
3.79E+04	0.00272816	4.40E+04	0.00215992	5.78E+04	0.00151023	2.95E+04	0.00353748	3.00E+04	0.0011552	6.20E+04	0.000709956	1.00E+05	0.000522234	6.81E+04	0.000505321
4.23E+04	0.00293588	4.92E+04	0.00231009	6.46E+04	0.00162647	3.29E+04	0.00381273	3.35E+04	0.00138658	6.93E+04	0.000850371	1.12E+05	0.000617147	7.61E+04	0.000651122
4.68E+04	0.00313327	5.43E+04	0.00248782	7.14E+04	0.00175952	3.64E+04	0.00414506	3.70E+04	0.00163905	7.66E+04	0.00095062	1.24E+05	0.000689432	8.42E+04	0.000791942
5.12E+04	0.00332063	5.95E+04	0.00265252	7.82E+04	0.00188306	3.99E+04	0.00442474	4.05E+04	0.00192115	8.39E+04	0.00108147	1.35E+05	0.000805926	9.22E+04	0.000950421
5.57E+04	0.00349396	6.47E+04	0.00280089	8.50E+04	0.00197206	4.33E+04	0.00461368	4.41E+04	0.00218388	9.12E+04	0.0012103	1.47E+05	0.000861974	1.00E+05	0.00114875
6.01E+04	0.00367852	6.99E+04	0.0029716	9.18E+04	0.00211963	4.68E+04	0.00488427	4.76E+04	0.00241982	9.85E+04	0.00131235	1.59E+05	0.000941906	1.08E+05	0.00125832
6.46E+04	0.0038319	7.50E+04	0.00306256	9.86E+04	0.00221354	5.03E+04	0.00517686	5.11E+04	0.00271218	1.06E+05	0.00147122	1.71E+05	0.00106322	1.16E+05	0.00143084
6.90E+04	0.00398688	8.02E+04	0.00325791	1.05E+05	0.0023491	5.37E+04	0.00539099	5.46E+04	0.00291791	1.13E+05	0.00156978	1.83E+05	0.00113163	1.24E+05	0.00161196
7.35E+04	0.00418086	8.54E+04	0.00334006	1.12E+05	0.00245972	5.72E+04	0.00561905	5.81E+04	0.00318406	1.20E+05	0.00168927	1.94E+05	0.00120444	1.32E+05	0.00179489
7.80E+04	0.00429946	9.05E+04	0.0034704	1.19E+05	0.00254793	6.07E+04	0.00578413	6.17E+04	0.00358869	1.28E+05	0.00180999	2.06E+05	0.00129757	1.40E+05	0.00190763
8.24E+04	0.00446717	9.57E+04	0.00364552	1.26E+05	0.0026156	6.41E+04	0.00600156	6.52E+04	0.00371521	1.35E+05	0.00192104	2.18E+05	0.00140055	1.48E+05	0.00212135
8.69E+04	0.00458396	1.01E+05	0.00372436	1.33E+05	0.00271181	6.76E+04	0.00614672	6.87E+04	0.00394887	1.42E+05	0.00204694	2.30E+05	0.00148247	1.56E+05	0.00221236
9.13E+04	0.00468261	1.06E+05	0.00383647	1.39E+05	0.00284196	7.11E+04	0.00636105	7.22E+04	0.00414663	1.50E+05	0.00213245	2.41E+05	0.0015667	1.64E+05	0.00241929
9.58E+04	0.00483499	1.11E+05	0.00399656	1.46E+05	0.00292486	7.45E+04	0.006541	7.58E+04	0.00453929	1.57E+05	0.00225746	2.53E+05	0.00166937	1.72E+05	0.00259317
1.00E+05	0.00493915	1.16E+05	0.00409564	1.53E+05	0.00301626	7.80E+04	0.00674521	7.93E+04	0.00472109	1.64E+05	0.00235849	2.65E+05	0.00173694	1.80E+05	0.00273127
1.05E+05	0.0050818	1.22E+05	0.00419772	1.60E+05	0.00310807	8.15E+04	0.0068977	8.28E+04	0.00495475	1.71E+05	0.00249778	2.77E+05	0.00181195	1.88E+05	0.00289881
1.09E+05	0.00523217	1.27E+05	0.0042983	1.67E+05	0.00318896	8.49E+04	0.00706433	8.63E+04	0.00525623	1.79E+05	0.00258903	2.89E+05	0.00190969	1.96E+05	0.00306951
1.14E+05	0.00534595	1.32E+05	0.00440219	1.73E+05	0.00327316	8.84E+04	0.00719101	8.99E+04	0.00537819	1.86E+05	0.00268928	3.00E+05	0.00199905	2.04E+05	0.00323931
1.18E+05	0.00543558	1.37E+05	0.00447603	1.80E+05	0.0033931	9.19E+04	0.00731655	9.34E+04	0.00555087	1.93E+05	0.00278818	3.12E+05	0.00207165	2.12E+05	0.00340775
1.22E+05	0.00554835	1.42E+05	0.00458122	1.87E+05	0.00345136	9.53E+04	0.00746419	9.69E+04	0.00573153	2.01E+05	0.0028792	3.24E+05	0.00214729	2.20E+05	0.00352412
1.27E+05	0.00562544	1.47E+05	0.00469022	1.94E+05	0.00352425	9.88E+04	0.00757476	1.00E+05	0.005931	2.08E+05	0.00294468	3.36E+05	0.00225048	2.28E+05	0.00368622
1.31E+05	0.00575206	1.53E+05	0.00480683	2.01E+05	0.00363668	1.02E+05	0.00771806	1.04E+05	0.00609399	2.15E+05	0.00311717	3.47E+05	0.0022839	2.36E+05	0.00399276
1.36E+05	0.00583567	1.58E+05	0.00489839	2.07E+05	0.00372538	1.06E+05	0.00783535	1.07E+05	0.00627009	2.22E+05	0.00316341	3.59E+05	0.00238866	2.44E+05	0.00398959
1.40E+05	0.00592809	1.63E+05	0.00499437	2.14E+05	0.00380887	1.09E+05	0.00793208	1.11E+05	0.00647298	2.30E+05	0.0032865	3.71E+05	0.00247205	2.52E+05	0.00412634
1.45E+05	0.00599927	1.68E+05	0.00505488	2.21E+05	0.00387875	1.13E+05	0.00809118	1.15E+05	0.00664281	2.37E+05	0.00339496	3.83E+05	0.00255345	2.60E+05	0.00426127
1.49E+05	0.00617431	1.73E+05	0.00514524	2.28E+05	0.00397817	1.16E+05	0.00817191	1.18E+05	0.00683772	2.44E+05	0.00346134	3.95E+05	0.00264689	2.69E+05	0.00438262
1.54E+05	0.00619846	1.79E+05	0.0052329	2.35E+05	0.00401781	1.20E+05	0.00824708	1.22E+05	0.00696709	2.52E+05	0.0035464	4.06E+05	0.00272379	2.77E+05	0.0045497
1.58E+05	0.00627816	1.84E+05	0.00532898	2.41E+05	0.00410772	1.23E+05	0.00831924	1.25E+05	0.00717453	2.59E+05	0.00362764	4.18E+05	0.00279261	2.85E+05	0.00464343
1.63E+05	0.00641931	1.89E+05	0.0053966	2.48E+05	0.00419692	1.27E+05	0.00848918	1.29E+05	0.00726743	2.66E+05	0.00372271	4.30E+05	0.00285076	2.93E+05	0.00481232
1.67E+05	0.0064144	1.94E+05	0.00546823	2.55E+05	0.00421704	1.30E+05	0.00852046	1.32E+05	0.00749824	2.74E+05	0.00379596	4.42E+05	0.00294703	3.01E+05	0.00483496
1.71E+05	0.00654593	1.99E+05	0.00554347	2.62E+05	0.00430244	1.33E+05	0.00863309	1.36E+05	0.00757802	2.81E+05	0.0038881	4.53E+05	0.00303357	3.09E+05	0.00494545
1.76E+05	0.00658101	2.04E+05	0.00564305	2.68E+05	0.00436892	1.37E+05	0.00873345	1.39E+05	0.00773019	2.88E+05	0.00400872	4.65E+05	0.00309485	3.17E+05	0.00520082
1.80E+05	0.00671605	2.10E+05	0.00575074	2.75E+05	0.00447354	1.40E+05	0.0087734	1.43E+05	0.0079952	2.95E+05	0.00406992	4.77E+05	0.00317688	3.25E+05	0.00530768
1.85E+05	0.00673279	2.15E+05	0.00579061	2.82E+05	0.00453311	1.44E+05	0.00883989	1.46E+05	0.00784873	3.03E+05	0.00415926	4.89E+05	0.00322559	3.33E+05	0.00535477
1.89E+05	0.00683915	2.20E+05	0.00586726	2.89E+05	0.00460279	1.47E+05	0.00890287	1.50E+05	0.00819466	3.10E+05	0.00424072	5.00E+05	0.00326058	3.41E+05	0.00542451
1.94E+05	0.00689249	2.25E+05	0.00588558	2.96E+05	0.00467667	1.51E+05	0.00896915	1.53E+05	0.00812912	3.17E+05	0.00437045	5.12E+05	0.00339237	3.49E+05	0.00555854
1.98E+05	0.00698041	2.30E+05	0.0059993	3.02E+05	0.00476007	1.54E+05	0.0089963	1.57E+05	0.0085349	3.25E+05	0.0044078	5.24E+05	0.00349388	3.57E+05	0.00571022
2.03E+05	0.00698331	2.35E+05	0.00603025	3.09E+05	0.00477959	1.58E+05	0.00908241	1.60E+05	0.00841521	3.32E+05	0.0044797	5.36E+05	0.00355601	3.65E+05	0.00577271
2.07E+05	0.00707343	2.41E+05	0.00611881	3.16E+05	0.00488521	1.61E+05	0.00916139	1.64E+05	0.0085178	3.39E+05	0.00456453	5.48E+05	0.00362358	3.73E+05	0.00591126
2.12E+05	0.00704937	2.46E+05	0.00620397	3.23E+05	0.00491054	1.65E+05	0.00915633	1.67E+05	0.00873949	3.46E+05	0.00463811	5.59E+05	0.00367585	3.81E+05	0.00595881
2.16E+05	0.00712025	2.51E+05	0.00626087	3.30E+05	0.00500905	1.68E+05	0.00919711	1.71E+05	0.00875944	3.54E+05	0.00467682	5.71E+05	0.00373421	3.89E+05	0.00606702
2.20E+05	0.00725458	2.56E+05	0.00628161	3.36E+05	0.00506662	1.72E+05	0.00922188	1.74E+05	0.00888938	3.61E+05	0.00475535	5.83E+05	0.0038529	3.97E+05	0.00611864
2.25E+05	0.00727223	2.61E+05	0.00634301	3.43E+05	0.00509415	1.75E+05	0.00922705	1.78E+05	0.00894637	3.68E+05	0.00481093	5.95E+05	0.00391649	4.05E+05	0.00623411
2.29E+05	0.00729067	2.66E+05	0.00638289	3.50E+05	0.00517644	1.79E+05	0.00932802	1.81E+05	0.00883466	3.76E+05	0.00489228	6.06E+05	0.00393514	4.13E+05	0.00627848
2.34E+05	0.00736907	2.72E+05	0.00644701	3.57E+05	0.00521379	1.82E+05	0.00923469	1.85E+05	0.00902216	3.83E+05	0.0049923	6.18E+05	0.00402031	4.21E+05	0.00634233
2.38E+05	0.00739403	2.77E+05	0.0064997	3.64E+05	0.00529548	1.85E+05	0.00930241	1.89E+05	0.00906092	3.90E+05	0.00497498	6.30E+05	0.00407279	4.29E+05	0.00651303
2.43E+05	0.00740556	2.82E+05	0.00654869	3.70E+05	0.00532512	1.89E+05	0.00939616	1.92E+05	0.00936639	3.98E+05	0.00510572	6.42E+05	0.00415472	4.37E+05	0.00661129
2.47E+05	0.00745568	2.87E+05	0.00659968	3.77E+05	0.00543344	1.92E+05	0.00933298	1.96E+05	0.00927178	4.05E+05	0.00516074	6.54E+05	0.00420165	4.45E+05	0.00665521
2.52E+05	0.00747874	2.92E+05	0.00661992	3.84E+05	0.00548169	1.96E+05	0.00940328	1.99E+05	0.00933447	4.12E+05	0.00518065	6.65E+05	0.00427435	4.53E+05	0.00670411
2.56E+05	0.00752586	2.98E+05	0.00668494	3.91E+05	0.00549841	1.99E+05	0.00936808	2.03E+05	0.00925981	4.19E+05	0.00524816	6.77E+05	0.0042819	4.61E+05	0.00673128
2.61E+05	0.00757077	3.03E+05	0.00670497	3.98E+05	0.00555388	2.03E+05	0.00944148	2.06E+05	0.00946783	4.27E+05	0.00531634	6.89E+05	0.00442238	4.69E+05	0.00688025
2.65E+05	0.00760044	3.08E+05	0.00678542	4.04E+05	0.0055758	2.06E+05	0.00940184	2.10E+05	0.00937493	4.34E+05	0.00536247	7.01E+05	0.0044493	4.77E+05	0.00693322
2.69E+05	0.00764665	3.13E+05	0.00680826	4.11E+05	0.00564989	2.10E+05	0.00936508	2.13E+05	0.00947581	4.41E+05	0.00545844	7.12E+05	0.00447382	4.85E+05	0.00693051
2.74E+05	0.00763052	3.18E+05	0.00689412	4.18E+05	0.00570415	2.13E+05	0.00940627	2.17E+05	0.00949747	4.49E+05	0.00552426	7.24E+05	0.00455092	4.93E+05	0.00698303
2.78E+05	0.00769067	3.23E+05	0.0068843	4.25E+05	0.00572357	2.17E+05	0.00932988	2.20E+05	0.00952311	4.56E+05	0.00558772	7.36E+05	0.00459188	5.01E+05	0.00707042
2.83E+05	0.00767152	3.29E+05	0.00692086	4.32E+05	0.00580977	2.20E+05	0.00933566	2.24E+05	0.00941369	4.63E+05	0.00561045	7.48E+05	0.00468229	5.09E+05	0.00706001
2.87E+05	0.00779703	3.34E+05	0.00698769	4.38E+05	0.00579045	2.24E+05	0.00931614	2.27E+05	0.00953052	4.70E+05	0.00570046	7.60E+05	0.00475898	5.17E+05	0.00716823
2.92E+05	0.00769859	3.39E+05	0.00698689	4.45E+05	0.00588806	2.27E+05	0.00928043	2.31E+05	0.00972315	4.78E+05	0.00572071	7.71E+05	0.00483566	5.25E+05	0.00714695
2.96E+05	0.00774791	3.44E+05	0.0069917	4.52E+05	0.00590558	2.31E+05	0.00927062	2.34E+05	0.00962968	4.85E+05	0.00575548	7.83E+05	0.00482403	5.33E+05	0.00734708
3.01E+05	0.0077445	3.49E+05	0.00708777	4.59E+05	0.00598257	2.34E+05	0.00921208	2.38E+05	0.00964621	4.92E+05	0.00578439	7.95E+05	0.00487568	5.41E+05	0.00730769
3.05E+05	0.00776134	3.54E+05	0.00707955	4.66E+05	0.00600319	2.37E+05	0.00920402	2.41E+05	0.00956813	5.00E+05	0.00585753	8.07E+05	0.00499427	5.49E+05	0.00726965
3.10E+05	0.00777598	3.60E+05	0.00706282	4.72E+05	0.00602222	2.41E+05	0.00921301	2.45E+05	0.00958466	5.07E+05	0.00589601	8.18E+05	0.00495174	5.57E+05	0.00727599
3.14E+05	0.00774921	3.65E+05	0.00707464	4.79E+05	0.00606807	2.44E+05	0.00919453	2.48E+05	0.00963709	5.14E+05	0.00595868	8.30E+05	0.00503827	5.65E+05	0.00739191
3.18E+05	0.0077864	3.70E+05	0.00712674	4.86E+05	0.00608659	2.48E+05	0.00920939	2.52E+05	0.00973397	5.21E+05	0.00603001	8.42E+05	0.0051094	5.73E+05	0.00733893
3.23E+05	0.00779172	3.75E+05	0.00712895	4.93E+05	0.00613154	2.51E+05	0.00908013	2.56E+05	0.00964507	5.29E+05	0.00598275	8.54E+05	0.00514471	5.81E+05	0.00737561
3.27E+05	0.00777658	3.80E+05	0.0071076	5.00E+05	0.00619081	2.55E+05	0.00904317	2.59E+05	0.00972144	5.36E+05	0.00604385	8.66E+05	0.00517163	5.89E+05	0.00743402
3.32E+05	0.00781016	3.85E+05	0.00719276	5.06E+05	0.006185	2.58E+05	0.00903006	2.63E+05	0.00977216	5.43E+05	0.00604295	8.77E+05	0.00522024	5.97E+05	0.00743356
3.36E+05	0.00779542	3.91E+05	0.00717954	5.13E+05	0.00625128	2.62E+05	0.00901416	2.66E+05	0.00970377	5.51E+05	0.00611563	8.89E+05	0.00525617	6.05E+05	0.00750828
3.41E+05	0.00775543	3.96E+05	0.00719787	5.20E+05	0.00625578	2.65E+05	0.00893539	2.70E+05	0.00958751	5.58E+05	0.00618865	9.01E+05	0.0052986	6.13E+05	0.00740911
3.45E+05	0.0077866	4.01E+05	0.00725597	5.27E+05	0.00628712	2.69E+05	0.00884154	2.73E+05	0.00961145	5.65E+05	0.0061972	9.13E+05	0.00538241	6.21E+05	0.00747975
3.50E+05	0.0077436	4.06E+05	0.0071625	5.34E+05	0.00631966	2.72E+05	0.00882058	2.77E+05	0.00949063	5.73E+05	0.00618696	9.24E+05	0.00537414	6.29E+05	0.00748247
3.54E+05	0.00771422	4.11E+05	0.00726369	5.40E+05	0.00630654	2.76E+05	0.00882223	2.80E+05	0.00957953	5.80E+05	0.00620823	9.36E+05	0.00542201	6.37E+05	0.00741138
3.59E+05	0.00777808	4.17E+05	0.00723434	5.47E+05	0.00636951	2.79E+05	0.00867119	2.84E+05	0.00944959	5.87E+05	0.00628271	9.48E+05	0.00545993	6.45E+05	0.00741908
3.63E+05	0.00773848	4.22E+05	0.00722682	5.54E+05	0.00640956	2.83E+05	0.00872715	2.87E+05	0.00927007	5.94E+05	0.00628271	9.60E+05	0.0055779	6.53E+05	0.00748473
3.67E+05	0.00773548	4.27E+05	0.0072165	5.61E+05	0.00642227	2.86E+05	0.00855143	2.91E+05	0.00930313	6.02E+05	0.00630375	9.72E+05	0.00555673	6.61E+05	0.00743719
3.72E+05	0.00770781	4.32E+05	0.00727651	5.68E+05	0.00643379	2.89E+05	0.00854359	2.94E+05	0.00948664	6.09E+05	0.0063581	9.83E+05	0.00559497	6.69E+05	0.00762057
3.76E+05	0.00771031	4.37E+05	0.00719847	5.74E+05	0.00646933	2.93E+05	0.00849496	2.98E+05	0.00941312	6.16E+05	0.00634009	9.95E+05	0.00561551	6.77E+05	0.00746481
3.81E+05	0.00763914	4.42E+05	0.00721189	5.81E+05	0.00647534	2.96E+05	0.00844943	3.01E+05	0.00927406	6.24E+05	0.00642639	1.01E+06	0.00563101	6.85E+05	0.00749198
3.85E+05	0.00767342	4.48E+05	0.00724155	5.88E+05	0.00652609	3.00E+05	0.00837231	3.05E+05	0.00923474	6.31E+05	0.00643989	1.02E+06	0.00568968	6.93E+05	0.00757348
3.90E+05	0.00764244	4.53E+05	0.00725106	5.95E+05	0.00650046	3.03E+05	0.00822839	3.08E+05	0.00912874	6.38E+05	0.00645632	1.03E+06	0.00577799	7.01E+05	0.00745258
3.94E+05	0.00758681	4.58E+05	0.00725257	6.02E+05	0.00645852	3.07E+05	0.00816479	3.12E+05	0.00899709	6.45E+05	0.00644957	1.04E+06	0.00578029	7.09E+05	0.00754631
3.99E+05	0.00756204	4.63E+05	0.00722702	6.08E+05	0.00651748	3.10E+05	0.00810883	3.15E+05	0.00894124	6.53E+05	0.00648456	1.05E+06	0.00580135	7.17E+05	0.00753726
4.03E+05	0.00751703	4.68E+05	0.00721901	6.15E+05	0.00649456	3.14E+05	0.00801395	3.19E+05	0.00888197	6.60E+05	0.00651674	1.07E+06	0.00586316	7.25E+05	0.00744851
4.08E+05	0.00752806	4.73E+05	0.0072158	6.22E+05	0.00657515	3.17E+05	0.00794912	3.22E+05	0.00890647	6.67E+05	0.00654284	1.08E+06	0.00584818	7.33E+05	0.00739145
4.12E+05	0.00751322	4.79E+05	0.00720668	6.29E+05	0.00655783	3.21E+05	0.00788594	3.26E+05	0.0087885	6.75E+05	0.00653148	1.09E+06	0.00590098	7.41E+05	0.00744851
4.16E+05	0.00743774	4.84E+05	0.00716922	6.36E+05	0.00654872	3.24E+05	0.00774408	3.30E+05	0.00872752	6.82E+05	0.00657007	1.10E+06	0.00586012	7.49E+05	0.00741908
4.21E+05	0.00745899	4.89E+05	0.00713696	6.42E+05	0.00652209	3.28E+05	0.00768575	3.33E+05	0.00869048	6.89E+05	0.00650121	1.11E+06	0.00593953	7.57E+05	0.00737651
4.25E+05	0.0074211	4.94E+05	0.00713886	6.49E+05	0.00657805	3.31E+05	0.00759232	3.37E+05	0.00868136	6.97E+05	0.00655747	1.12E+06	0.00596939	7.65E+05	0.00738421
4.30E+05	0.0073023	4.99E+05	0.00713105	6.56E+05	0.00659047	3.35E+05	0.00752428	3.40E+05	0.0084648	7.04E+05	0.00657356	1.14E+06	0.00595158	7.73E+05	0.00734074
4.34E+05	0.00731814	5.04E+05	0.00713566	6.63E+05	0.00657795	3.38E+05	0.00747162	3.44E+05	0.00835025	7.11E+05	0.00659989	1.15E+06	0.00599348	7.81E+05	0.00732127
4.39E+05	0.00733308	5.10E+05	0.00707695	6.70E+05	0.0066161	3.41E+05	0.00730788	3.47E+05	0.00825621	7.18E+05	0.00666627	1.16E+06	0.0060224	7.89E+05	0.00724022
4.43E+05	0.00720346	5.15E+05	0.00707014	6.76E+05	0.00657165	3.45E+05	0.00720443	3.51E+05	0.00830294	7.26E+05	0.00660911	1.17E+06	0.00607216	7.97E+05	0.00726829
4.48E+05	0.00721438	5.20E+05	0.00704769	6.83E+05	0.00660559	3.48E+05	0.00713175	3.54E+05	0.00807384	7.33E+05	0.00659505	1.18E+06	0.0060202	8.06E+05	0.00733984
4.52E+05	0.0071384	5.25E+05	0.00702736	6.90E+05	0.0066206	3.52E+05	0.00705422	3.58E+05	0.00796271	7.40E+05	0.00662993	1.20E+06	0.0060796	8.14E+05	0.0072375
4.57E+05	0.00710532	5.30E+05	0.00703527	6.97E+05	0.00661219	3.55E+05	0.00689409	3.61E+05	0.00794789	7.48E+05	0.00664849	1.21E+06	0.00609803	8.22E+05	0.00722347
4.61E+05	0.00699905	5.36E+05	0.00699069	7.04E+05	0.00660859	3.59E+05	0.00681304	3.65E+05	0.00781852	7.55E+05	0.0065973	1.22E+06	0.0061192	8.30E+05	0.00715645
4.65E+05	0.00699444	5.41E+05	0.0069407	7.10E+05	0.00654041	3.62E+05	0.0067479	3.68E+05	0.00774729	7.62E+05	0.00659606	1.23E+06	0.00609919	8.38E+05	0.00714876
4.70E+05	0.00699674	5.46E+05	0.00693739	7.17E+05	0.00655333	3.66E+05	0.00664125	3.72E+05	0.00761621	7.69E+05	0.00659145	1.24E+06	0.00614926	8.46E+05	0.00715238
4.74E+05	0.00691274	5.51E+05	0.00689402	7.24E+05	0.00656143	3.69E+05	0.00657022	3.75E+05	0.00759398	7.77E+05	0.00660585	1.25E+06	0.00616047	8.54E+05	0.00696945
4.79E+05	0.00687043	5.56E+05	0.00686226	7.31E+05	0.00660108	3.73E+05	0.0064263	3.79E+05	0.00759113	7.84E+05	0.00663083	1.27E+06	0.00616623	8.62E+05	0.00700794
4.83E+05	0.00680317	5.61E+05	0.00681548	7.37E+05	0.00657505	3.76E+05	0.00632574	3.82E+05	0.00733867	7.91E+05	0.00662183	1.28E+06	0.0061588	8.70E+05	0.00694409
4.88E+05	0.00677189	5.67E+05	0.00679163	7.44E+05	0.00655663	3.80E+05	0.00619359	3.86E+05	0.00731473	7.99E+05	0.0065793	1.29E+06	0.00623108	8.78E+05	0.0068884
4.92E+05	0.00668397	5.72E+05	0.00673573	7.51E+05	0.0065271	3.83E+05	0.00613856	3.89E+05	0.00705143	8.06E+05	0.00656422	1.30E+06	0.00617807	8.86E+05	0.00684402
4.97E+05	0.00664557	5.77E+05	0.00673543	7.58E+05	0.00650767	3.86E+05	0.00601921	3.93E+05	0.00700299	8.13E+05	0.00658087	1.31E+06	0.00623967	8.94E+05	0.0068404
5.01E+05	0.00657229	5.82E+05	0.00664847	7.65E+05	0.006532	3.90E+05	0.00586539	3.96E+05	0.00698076	8.21E+05	0.00654678	1.32E+06	0.0061962	9.02E+05	0.00678108
5.06E+05	0.00653701	5.87E+05	0.0065548	7.71E+05	0.00647624	3.93E+05	0.00576504	4.00E+05	0.00681036	8.28E+05	0.00654926	1.34E+06	0.00621725	9.10E+05	0.00670954
5.10E+05	0.00644247	5.92E+05	0.00655019	7.78E+05	0.00651038	3.97E+05	0.00568543	4.04E+05	0.00669752	8.35E+05	0.00648861	1.35E+06	0.00620133	9.18E+05	0.0066226
5.14E+05	0.00643616	5.98E+05	0.00658075	7.85E+05	0.00648525	4.00E+05	0.00556134	4.07E+05	0.00653453	8.42E+05	0.00653227	1.36E+06	0.00624302	9.26E+05	0.00660404
5.19E+05	0.00634653	6.03E+05	0.00650912	7.92E+05	0.00646733	4.04E+05	0.0054614	4.11E+05	0.00646101	8.50E+05	0.00657232	1.37E+06	0.00621778	9.34E+05	0.0065642
5.23E+05	0.00628979	6.08E+05	0.00645331	7.99E+05	0.0064454	4.07E+05	0.00533379	4.14E+05	0.00634988	8.57E+05	0.00654982	1.38E+06	0.00623349	9.42E+05	0.00648405
5.28E+05	0.00626393	6.13E+05	0.00644861	8.05E+05	0.00639614	4.11E+05	0.00521899	4.18E+05	0.00617492	8.64E+05	0.00649761	1.40E+06	0.00615471	9.50E+05	0.00645643
5.32E+05	0.00617661	6.18E+05	0.00633931	8.12E+05	0.00634689	4.14E+05	0.0050889	4.21E+05	0.00602162	8.72E+05	0.00649469	1.41E+06	0.00620667	9.58E+05	0.00641613
5.37E+05	0.00606704	6.23E+05	0.00635684	8.19E+05	0.00637752	4.18E+05	0.00502675	4.25E+05	0.0060256	8.79E+05	0.00648085	1.42E+06	0.006258	9.66E+05	0.00627305
5.41E+05	0.00599446	6.29E+05	0.00632188	8.26E+05	0.00638623	4.21E+05	0.00489171	4.28E+05	0.00582044	8.86E+05	0.00646611	1.43E+06	0.0062205	9.74E+05	0.006355
5.46E+05	0.00595927	6.34E+05	0.0062212	8.33E+05	0.00633437	4.25E+05	0.00478971	4.32E+05	0.0056318	8.93E+05	0.00643753	1.44E+06	0.00626743	9.82E+05	0.00627214
5.50E+05	0.00585181	6.39E+05	0.00618613	8.39E+05	0.00628772	4.28E+05	0.00468646	4.35E+05	0.00564149	9.01E+05	0.00635427	1.45E+06	0.00623747	9.90E+05	0.00624995
5.55E+05	0.00578444	6.44E+05	0.00612162	8.46E+05	0.00626539	4.32E+05	0.00451766	4.39E+05	0.0054842	9.08E+05	0.00641345	1.47E+06	0.00616896	9.98E+05	0.0061852
5.59E+05	0.00576208	6.49E+05	0.00607893	8.53E+05	0.00626499	4.35E+05	0.00442165	4.42E+05	0.00529385	9.15E+05	0.0063536	1.48E+06	0.00620238	1.01E+06	0.00605525
5.63E+05	0.00565713	6.55E+05	0.00604508	8.60E+05	0.00620933	4.38E+05	0.00430612	4.46E+05	0.00526763	9.23E+05	0.00640254	1.49E+06	0.00617671	1.01E+06	0.00596198
5.68E+05	0.00554204	6.60E+05	0.006006	8.67E+05	0.00620583	4.42E+05	0.0042448	4.49E+05	0.0051679	9.30E+05	0.00632794	1.50E+06	0.00617419	1.02E+06	0.00596152
5.72E+05	0.00548009	6.65E+05	0.00590482	8.73E+05	0.00613605	4.45E+05	0.00409726	4.53E+05	0.00498895	9.37E+05	0.00630431	1.51E+06	0.00614842	1.03E+06	0.00592213
5.77E+05	0.00541974	6.70E+05	0.00587447	8.80E+05	0.00610801	4.49E+05	0.004006	4.56E+05	0.00481057	9.45E+05	0.00624986	1.53E+06	0.00613805	1.04E+06	0.00578086
5.81E+05	0.00534916	6.75E+05	0.00582057	8.87E+05	0.00611072	4.52E+05	0.00383668	4.60E+05	0.00473648	9.52E+05	0.00628429	1.54E+06	0.0061743	1.05E+06	0.00573965
5.86E+05	0.00525914	6.80E+05	0.00575765	8.94E+05	0.00601871	4.56E+05	0.00376761	4.63E+05	0.00448629	9.59E+05	0.0062682	1.55E+06	0.00615125	1.05E+06	0.0056586
5.90E+05	0.00522576	6.86E+05	0.00567891	9.01E+05	0.0060127	4.59E+05	0.00359468	4.67E+05	0.00454328	9.66E+05	0.00622758	1.56E+06	0.00611448	1.06E+06	0.00557574
5.95E+05	0.00512611	6.91E+05	0.00562712	9.07E+05	0.00598477	4.63E+05	0.00350713	4.70E+05	0.00437573	9.74E+05	0.00618426	1.57E+06	0.00608661	1.07E+06	0.00563098
5.99E+05	0.00510987	6.96E+05	0.00553755	9.14E+05	0.00592761	4.66E+05	0.00341886	4.74E+05	0.00415689	9.81E+05	0.00612249	1.58E+06	0.00604523	1.08E+06	0.00546073
6.04E+05	0.00496751	7.01E+05	0.00549237	9.21E+05	0.0059187	4.70E+05	0.00329683	4.78E+05	0.00407311	9.88E+05	0.00611642	1.60E+06	0.0060401	1.09E+06	0.00538738
6.08E+05	0.00493152	7.06E+05	0.0054543	9.28E+05	0.00587745	4.73E+05	0.00319782	4.81E+05	0.00384971	9.96E+05	0.0060965	1.61E+06	0.00603664	1.09E+06	0.00537696
6.12E+05	0.00478647	7.11E+05	0.00542215	9.35E+05	0.00585833	4.77E+05	0.0030668	4.85E+05	0.00382577	1.00E+06	0.00603687	1.62E+06	0.00603989	1.10E+06	0.00533938
6.17E+05	0.00477203	7.17E+05	0.00533338	9.41E+05	0.00581278	4.80E+05	0.00299505	4.88E+05	0.00367703	1.01E+06	0.00600559	1.63E+06	0.00603696	1.11E+06	0.00523116
6.21E+05	0.00463619	7.22E+05	0.00526125	9.48E+05	0.00575581	4.84E+05	0.00287292	4.92E+05	0.00352942	1.02E+06	0.00593674	1.64E+06	0.00598646	1.12E+06	0.00520671
6.26E+05	0.00458958	7.27E+05	0.00522509	9.55E+05	0.00569224	4.87E+05	0.00276689	4.95E+05	0.00337441	1.02E+06	0.00591221	1.65E+06	0.00595902	1.13E+06	0.00502242
6.30E+05	0.00447068	7.32E+05	0.0051249	9.62E+05	0.00564028	4.90E+05	0.00265033	4.99E+05	0.00338239	1.03E+06	0.00587463	1.67E+06	0.00594665	1.13E+06	0.00504416
6.35E+05	0.00438988	7.37E+05	0.00504897	9.69E+05	0.00558832	4.94E+05	0.0025477	5.02E+05	0.00327923	1.04E+06	0.00587564	1.68E+06	0.00588945	1.14E+06	0.00489971
6.39E+05	0.00431951	7.42E+05	0.00500178	9.75E+05	0.00558842	4.97E+05	0.0024234	5.06E+05	0.00313391	1.05E+06	0.0058096	1.69E+06	0.00585509	1.15E+06	0.00480236
6.44E+05	0.00426096	7.48E+05	0.0049596	9.82E+05	0.0055699	5.01E+05	0.00234638	5.09E+05	0.0030336	1.05E+06	0.00581578	1.70E+06	0.00583917	1.16E+06	0.00472946
6.48E+05	0.00417605	7.53E+05	0.00486073	9.89E+05	0.0054823	5.04E+05	0.00222487	5.13E+05	0.0028387	1.06E+06	0.00572949	1.71E+06	0.00586274	1.17E+06	0.0046706
6.53E+05	0.00407781	7.58E+05	0.00477838	9.96E+05	0.00542563	5.08E+05	0.00213814	5.16E+05	0.00274067	1.07E+06	0.00565883	1.73E+06	0.00579685	1.17E+06	0.0046226
6.57E+05	0.00400874	7.63E+05	0.00471997	1.00E+06	0.00537377	5.11E+05	0.00203975	5.20E+05	0.00264094	1.08E+06	0.00562305	1.74E+06	0.00575107	1.18E+06	0.00457642
6.61E+05	0.00389115	7.68E+05	0.0046264	1.01E+06	0.00532201	5.15E+05	0.00194332	5.23E+05	0.00254634	1.08E+06	0.00563711	1.75E+06	0.00571377	1.19E+06	0.00448495
6.66E+05	0.00382939	7.74E+05	0.00459705	1.02E+06	0.00526705	5.18E+05	0.00183172	5.27E+05	0.00245629	1.09E+06	0.00555824	1.76E+06	0.00570172	1.20E+06	0.0043799
6.70E+05	0.00373767	7.79E+05	0.00452732	1.02E+06	0.00526915	5.22E+05	0.00176121	5.30E+05	0.0021833	1.10E+06	0.00545102	1.77E+06	0.00568842	1.21E+06	0.00432104
6.75E+05	0.0036715	7.84E+05	0.00441111	1.03E+06	0.00516413	5.25E+05	0.00162276	5.34E+05	0.00215709	1.10E+06	0.00546654	1.78E+06	0.0056089	1.21E+06	0.00424044
6.79E+05	0.00358699	7.89E+05	0.00435701	1.04E+06	0.00515332	5.29E+05	0.00154574	5.37E+05	0.00205679	1.11E+06	0.00538554	1.80E+06	0.00559969	1.22E+06	0.00422641
6.84E+05	0.00348113	7.94E+05	0.00434499	1.04E+06	0.00510807	5.32E+05	0.00147915	5.41E+05	0.00193141	1.12E+06	0.00536832	1.81E+06	0.00559193	1.23E+06	0.00408876
6.88E+05	0.00342569	7.99E+05	0.00425202	1.05E+06	0.00506572	5.36E+05	0.00138158	5.44E+05	0.00180432	1.13E+06	0.00531769	1.82E+06	0.00553924	1.24E+06	0.00410098
6.93E+05	0.00332143	8.05E+05	0.00412679	1.06E+06	0.00497091	5.39E+05	0.0012928	5.48E+05	0.00174562	1.13E+06	0.00521609	1.83E+06	0.0055317	1.25E+06	0.00395473
6.97E+05	0.0032292	8.10E+05	0.0040733	1.06E+06	0.00489272	5.42E+05	0.00119988	5.52E+05	0.00158889	1.14E+06	0.00519179	1.84E+06	0.0054394	1.25E+06	0.00387956
7.02E+05	0.00316424	8.15E+05	0.00398624	1.07E+06	0.0048768	5.46E+05	0.00112523	5.55E+05	0.00158149	1.15E+06	0.00512597	1.85E+06	0.00542756	1.26E+06	0.00380576
7.06E+05	0.00305307	8.20E+05	0.00393224	1.08E+06	0.00483766	5.49E+05	0.0010605	5.59E+05	0.00148517	1.16E+06	0.00511146	1.87E+06	0.00534512	1.27E+06	0.00365407
7.10E+05	0.00299603	8.25E+05	0.00383266	1.08E+06	0.00474615	5.53E+05	0.000978941	5.62E+05	0.00136891	1.16E+06	0.0050435	1.88E+06	0.00536031	1.28E+06	0.0036346
7.15E+05	0.00291803	8.30E+05	0.00381082	1.09E+06	0.00469559	5.56E+05	0.000905949	5.66E+05	0.00125892	1.17E+06	0.00501706	1.89E+06	0.0052809	1.29E+06	0.00356668
7.19E+05	0.00282811	8.36E+05	0.00369341	1.10E+06	0.00462962	5.60E+05	0.000833679	5.69E+05	0.00115178	1.18E+06	0.00494494	1.90E+06	0.00521448	1.29E+06	0.00360019
7.24E+05	0.00273067	8.41E+05	0.00362598	1.10E+06	0.00462221	5.63E+05	0.000767604	5.73E+05	0.00107028	1.19E+06	0.00492997	1.91E+06	0.00526424	1.30E+06	0.00340684
7.28E+05	0.00265368	8.46E+05	0.0035251	1.11E+06	0.00454292	5.67E+05	0.000700291	5.76E+05	0.000944332	1.19E+06	0.00486629	1.93E+06	0.00520065	1.31E+06	0.00342133
7.33E+05	0.00259082	8.51E+05	0.00348192	1.12E+06	0.00450447	5.70E+05	0.00062895	5.80E+05	0.00089817	1.20E+06	0.0047675	1.94E+06	0.00515791	1.32E+06	0.00330361
7.37E+05	0.00248717	8.56E+05	0.00336922	1.12E+06	0.00442538	5.74E+05	0.000566799	5.83E+05	0.000844029	1.21E+06	0.00469223	1.95E+06	0.00513549	1.33E+06	0.00320399
7.42E+05	0.00242521	8.61E+05	0.00331572	1.13E+06	0.00434669	5.77E+05	0.00052003	5.87E+05	0.000744296	1.21E+06	0.00465522	1.96E+06	0.00505598	1.33E+06	0.00323433
7.46E+05	0.00233639	8.67E+05	0.00326312	1.14E+06	0.0042692	5.81E+05	0.000448587	5.90E+05	0.000691295	1.22E+06	0.00460177	1.97E+06	0.00499658	1.34E+06	0.00314467
7.51E+05	0.00226552	8.72E+05	0.00314671	1.15E+06	0.00424798	5.84E+05	0.000410593	5.94E+05	0.000632594	1.23E+06	0.00450839	1.98E+06	0.00494137	1.35E+06	0.00304778
7.55E+05	0.00220356	8.77E+05	0.00311946	1.15E+06	0.00413335	5.88E+05	0.00034648	5.97E+05	0.000567625	1.24E+06	0.00447463	2.00E+06	0.00493299	1.36E+06	0.00305638
7.59E+05	0.00212176	8.82E+05	0.00301377	1.16E+06	0.00410692	5.91E+05	0.000293311	6.01E+05	0.000506076	1.24E+06	0.00441433	2.01E+06	0.00483273	1.37E+06	0.00288749
7.64E+05	0.00200226	8.87E+05	0.00296699	1.17E+06	0.00406507	5.94E+05	0.000247987	6.04E+05	0.000415461	1.25E+06	0.00437326	2.02E+06	0.00482603	1.37E+06	0.00285443
7.68E+05	0.00196246	8.93E+05	0.00288263	1.17E+06	0.00396856	5.98E+05	0.000210614	6.08E+05	0.000365309	1.26E+06	0.00430699	2.03E+06	0.00480361	1.38E+06	0.00283451
7.73E+05	0.00184938	8.98E+05	0.00281501	1.18E+06	0.00390849	6.01E+05	0.000167459	6.11E+05	0.000312878	1.27E+06	0.00426142	2.04E+06	0.00472556	1.39E+06	0.00273625
7.77E+05	0.00183986	9.03E+05	0.00272375	1.19E+06	0.00386844	6.05E+05	0.000140409	6.15E+05	0.000267285	1.27E+06	0.00420235	2.05E+06	0.00466585	1.40E+06	0.00270501
7.82E+05	0.00172768	9.08E+05	0.00267265	1.19E+06	0.00379946	6.08E+05	0.000113876	6.18E+05	0.000223403	1.28E+06	0.00412596	2.07E+06	0.00465254	1.41E+06	0.00259317
7.86E+05	0.00167385	9.13E+05	0.00260683	1.20E+06	0.00376983	6.12E+05	8.37E-05	6.22E+05	0.000175531	1.29E+06	0.00404945	2.08E+06	0.00457523	1.41E+06	0.00254427
7.91E+05	0.00158633	9.18E+05	0.00249964	1.21E+06	0.00370265	6.15E+05	5.95E-05	6.26E+05	0.000136207	1.29E+06	0.00401412	2.09E+06	0.0045196	1.42E+06	0.0025171
7.95E+05	0.00149631	9.24E+05	0.00245376	1.21E+06	0.00361725	6.19E+05	4.21E-05	6.29E+05	0.000112841	1.30E+06	0.00391016	2.10E+06	0.00452222	1.43E+06	0.00245506
8.00E+05	0.00144027	9.29E+05	0.00236289	1.22E+06	0.00354167	6.22E+05	2.40E-05	6.33E+05	8.43E-05	1.31E+06	0.0038989	2.11E+06	0.00448105	1.44E+06	0.00240661
8.04E+05	0.00138503	9.34E+05	0.00231631	1.23E+06	0.00349982	6.26E+05	1.12E-05	6.36E+05	4.96E-05	1.32E+06	0.00378302	2.13E+06	0.00436193	1.45E+06	0.00234458
8.08E+05	0.0013309	9.39E+05	0.00221813	1.23E+06	0.00341662	6.29E+05	4.23E-06	6.40E+05	3.48E-05	1.32E+06	0.00373666	2.14E+06	0.00434077	1.45E+06	0.00234322
8.13E+05	0.00123777	9.44E+05	0.00212897	1.24E+06	0.00334674	6.33E+05	2.17E-06	6.43E+05	1.71E-05	1.33E+06	0.00369211	2.15E+06	0.00427896	1.46E+06	0.00219289
8.17E+05	0.00120629	9.49E+05	0.0020942	1.25E+06	0.00328667	6.36E+05	3.58E-32	6.47E+05	1.37E-05	1.34E+06	0.00358432	2.16E+06	0.00423612	1.47E+06	0.0022101
8.22E+05	0.00112028	9.55E+05	0.0019815	1.25E+06	0.0032209	6.40E+05	3.58E-32	6.50E+05	3.42E-06	1.35E+06	0.00356305	2.17E+06	0.00418206	1.48E+06	0.00218565
8.26E+05	0.00105431	9.60E+05	0.00193892	1.26E+06	0.00315703	6.43E+05	3.58E-32	6.54E+05	1.71E-06	1.35E+06	0.00349363	2.18E+06	0.00412119	1.49E+06	0.00216844
8.31E+05	0.000970907	9.65E+05	0.00185998	1.27E+06	0.00309505	6.46E+05	3.58E-32	6.57E+05	2.01E-31	1.36E+06	0.00343366	2.20E+06	0.00404943	1.49E+06	0.00208558
8.35E+05	0.000935218	9.70E+05	0.00179867	1.27E+06	0.00300735	6.50E+05	3.58E-32	6.61E+05	2.01E-31	1.37E+06	0.00334118	2.21E+06	0.00397998	1.50E+06	0.00197917
8.40E+05	0.000867651	9.75E+05	0.00170309	1.28E+06	0.00297211	6.53E+05	3.58E-32	6.64E+05	2.01E-31	1.37E+06	0.00330315	2.22E+06	0.00395253	1.51E+06	0.00203442
8.44E+05	0.000812915	9.80E+05	0.0016547	1.29E+06	0.00288051	6.57E+05	3.58E-32	6.68E+05	2.01E-31	1.38E+06	0.00323159	2.23E+06	0.00386945	1.52E+06	0.00192484
8.49E+05	0.00074224	9.86E+05	0.00157706	1.29E+06	0.00281784	6.60E+05	3.58E-32	6.71E+05	2.01E-31	1.39E+06	0.00316273	2.24E+06	0.00385573	1.53E+06	0.00194521
8.53E+05	0.000720987	9.91E+05	0.00157376	1.30E+06	0.00276077	6.64E+05	3.58E-32	6.75E+05	2.01E-31	1.40E+06	0.00308071	2.26E+06	0.00375589	1.53E+06	0.00194159
8.57E+05	0.000654924	9.96E+05	0.00147949	1.31E+06	0.0026972	6.67E+05	3.58E-32	6.78E+05	2.01E-31	1.40E+06	0.00300274	2.27E+06	0.00376637	1.54E+06	0.00189677
8.62E+05	0.000595476	1.00E+06	0.00139784	1.32E+06	0.00264644	6.71E+05	3.58E-32	6.82E+05	2.01E-31	1.41E+06	0.0029619	2.28E+06	0.00369314	1.55E+06	0.0018859
8.66E+05	0.000567607	1.01E+06	0.00135556	1.32E+06	0.00256875	6.74E+05	3.58E-32	6.85E+05	2.01E-31	1.42E+06	0.00289979	2.29E+06	0.00365082	1.56E+06	0.0018773
8.71E+05	0.000514375	1.01E+06	0.00126029	1.33E+06	0.00250097	6.78E+05	3.58E-32	6.89E+05	2.01E-31	1.43E+06	0.00282688	2.30E+06	0.00356366	1.57E+06	0.00178628
8.75E+05	0.000448512	1.02E+06	0.00120599	1.34E+06	0.0024347	6.81E+05	3.58E-32	6.93E+05	2.01E-31	1.43E+06	0.00276523	2.31E+06	0.0035229	1.57E+06	0.00179579
8.80E+05	0.000418738	1.02E+06	0.00117513	1.34E+06	0.00239395	6.85E+05	3.58E-32	6.96E+05	2.01E-31	1.44E+06	0.00266194	2.33E+06	0.00345879	1.58E+06	0.00182205
8.84E+05	0.000368012	1.03E+06	0.00109809	1.35E+06	0.00231115	6.88E+05	3.58E-32	7.00E+05	2.01E-31	1.45E+06	0.00261885	2.34E+06	0.00340369	1.59E+06	0.00180575
8.89E+05	0.000331823	1.03E+06	0.00103308	1.36E+06	0.00225889	6.92E+05	3.58E-32	7.03E+05	2.01E-31	1.46E+06	0.00258296	2.35E+06	0.00333936	1.60E+06	0.00171474
8.93E+05	0.000297137	1.04E+06	0.000973367	1.36E+06	0.0021813	6.95E+05	3.58E-32	7.07E+05	2.01E-31	1.46E+06	0.00249126	2.36E+06	0.00326425	1.61E+06	0.00166131
8.98E+05	0.000255634	1.04E+06	0.000940107	1.37E+06	0.00212284	6.98E+05	3.58E-32	7.10E+05	2.01E-31	1.47E+06	0.00243466	2.37E+06	0.0032302	1.62E+06	0.00161241
9.02E+05	0.000229068	1.05E+06	0.000884005	1.38E+06	0.00205206	7.02E+05	3.58E-32	7.14E+05	2.01E-31	1.48E+06	0.00238606	2.38E+06	0.00319752	1.62E+06	0.00167127
9.06E+05	0.000200196	1.05E+06	0.000819789	1.38E+06	0.00198598	7.05E+05	3.58E-32	7.17E+05	2.01E-31	1.48E+06	0.00229144	2.40E+06	0.00314943	1.63E+06	0.00161196
9.11E+05	0.000165711	1.06E+06	0.000756073	1.39E+06	0.00193742	7.09E+05	3.58E-32	7.21E+05	2.01E-31	1.49E+06	0.0022228	2.41E+06	0.0030893	1.64E+06	0.00160199
9.15E+05	0.000133531	1.06E+06	0.000718304	1.40E+06	0.00185653	7.12E+05	3.58E-32	7.24E+05	2.01E-31	1.50E+06	0.00220165	2.42E+06	0.00300182	1.65E+06	0.00160109
9.20E+05	0.000114384	1.07E+06	0.000656993	1.40E+06	0.00180117	7.16E+05	3.58E-32	7.28E+05	2.01E-31	1.51E+06	0.00211682	2.43E+06	0.00296065	1.66E+06	0.00154811
9.24E+05	8.84E-05	1.07E+06	0.000626337	1.41E+06	0.00172959	7.19E+05	3.58E-32	7.31E+05	2.01E-31	1.51E+06	0.00204571	2.44E+06	0.0028584	1.66E+06	0.00151279
9.29E+05	7.51E-05	1.08E+06	0.00057284	1.42E+06	0.00167182	7.23E+05	3.58E-32	7.35E+05	2.01E-31	1.52E+06	0.00198911	2.46E+06	0.0028694	1.67E+06	0.00142676
9.33E+05	5.32E-05	1.08E+06	0.000542886	1.42E+06	0.00162717	7.26E+05	3.58E-32	7.38E+05	2.01E-31	1.53E+06	0.00192982	2.47E+06	0.00276999	1.68E+06	0.00142631
9.38E+05	3.58E-05	1.09E+06	0.000489789	1.43E+06	0.00159223	7.30E+05	3.58E-32	7.42E+05	2.01E-31	1.54E+06	0.00189303	2.48E+06	0.00275071	1.69E+06	0.00138873
9.42E+05	2.45E-05	1.09E+06	0.0004408	1.44E+06	0.00151114	7.33E+05	3.58E-32	7.45E+05	2.01E-31	1.54E+06	0.00181821	2.49E+06	0.00268639	1.70E+06	0.00142088
9.47E+05	1.38E-05	1.10E+06	0.000408542	1.44E+06	0.00145938	7.37E+05	3.58E-32	7.49E+05	2.01E-31	1.55E+06	0.00175317	2.50E+06	0.00264825	1.70E+06	0.00129953
9.51E+05	7.02E-06	1.10E+06	0.000379188	1.45E+06	0.0013969	7.40E+05	3.58E-32	7.52E+05	2.01E-31	1.56E+06	0.00166474	2.51E+06	0.00260059	1.71E+06	0.00126194
9.55E+05	2.21E-06	1.11E+06	0.000340017	1.46E+06	0.00136076	7.44E+05	3.58E-32	7.56E+05	2.01E-31	1.56E+06	0.00164257	2.53E+06	0.00254087	1.72E+06	0.00127508
9.60E+05	9.02E-07	1.12E+06	0.000288023	1.46E+06	0.00127987	7.47E+05	3.58E-32	7.59E+05	2.01E-31	1.57E+06	0.0015655	2.54E+06	0.00243056	1.73E+06	0.00121621
9.64E+05	4.47E-32	1.12E+06	0.000259171	1.47E+06	0.00123171	7.50E+05	3.58E-32	7.63E+05	2.01E-31	1.58E+06	0.00150092	2.55E+06	0.00241139	1.74E+06	0.00126466
9.69E+05	4.47E-32	1.13E+06	0.000224808	1.48E+06	0.00118076	7.54E+05	3.58E-32	7.67E+05	2.01E-31	1.59E+06	0.00142475	2.56E+06	0.00236823	1.74E+06	0.00120399
9.73E+05	4.47E-32	1.13E+06	0.000204471	1.49E+06	0.00113701	7.57E+05	3.58E-32	7.70E+05	2.01E-31	1.59E+06	0.0013991	2.57E+06	0.00234151	1.75E+06	0.00114241
9.78E+05	4.47E-32	1.14E+06	0.000169007	1.49E+06	0.00107854	7.61E+05	3.58E-32	7.74E+05	2.01E-31	1.60E+06	0.00134689	2.58E+06	0.00227405	1.76E+06	0.0011492
9.82E+05	4.47E-32	1.14E+06	0.00014296	1.50E+06	0.00102978	7.64E+05	3.58E-32	7.77E+05	2.01E-31	1.61E+06	0.00128816	2.60E+06	0.00220522	1.77E+06	0.00105004
9.87E+05	4.47E-32	1.15E+06	0.000123424	1.51E+06	0.000973518	7.68E+05	3.58E-32	7.81E+05	2.01E-31	1.62E+06	0.00123989	2.61E+06	0.00216321	1.78E+06	0.00104098
9.91E+05	4.47E-32	1.15E+06	9.69E-05	1.51E+06	0.000928767	7.71E+05	3.58E-32	7.84E+05	2.01E-31	1.62E+06	0.0011725	2.62E+06	0.00210884	1.78E+06	0.00100521
9.96E+05	4.47E-32	1.16E+06	7.64E-05	1.52E+06	0.00086259	7.75E+05	3.58E-32	7.88E+05	2.01E-31	1.63E+06	0.00113323	2.63E+06	0.00207416	1.79E+06	0.000951326
1.00E+06	4.47E-32	1.16E+06	5.91E-05	1.53E+06	0.000817739	7.78E+05	3.58E-32	7.91E+05	2.01E-31	1.64E+06	0.00108766	2.64E+06	0.0020111	1.80E+06	0.000948156
1.00E+06	4.47E-32	1.17E+06	4.38E-05	1.53E+06	0.000779595	7.82E+05	3.58E-32	7.95E+05	2.01E-31	1.64E+06	0.00100935	2.66E+06	0.00197014	1.81E+06	0.000927781
1.01E+06	4.47E-32	1.17E+06	3.41E-05	1.54E+06	0.00074015	7.85E+05	3.58E-32	7.98E+05	2.01E-31	1.65E+06	0.000963221	2.67E+06	0.00191807	1.82E+06	0.000893821
1.01E+06	4.47E-32	1.18E+06	2.14E-05	1.55E+06	0.000680882	7.89E+05	3.58E-32	8.02E+05	2.01E-31	1.66E+06	0.000915516	2.68E+06	0.00188675	1.82E+06	0.000891557
1.02E+06	4.47E-32	1.18E+06	1.27E-05	1.55E+06	0.000637132	7.92E+05	3.58E-32	8.05E+05	2.01E-31	1.67E+06	0.000884238	2.69E+06	0.00182242	1.83E+06	0.000821373
1.02E+06	4.47E-32	1.19E+06	6.31E-06	1.56E+06	0.00060069	7.96E+05	3.58E-32	8.09E+05	2.01E-31	1.67E+06	0.000833607	2.70E+06	0.00178502	1.84E+06	0.000770207
1.03E+06	4.47E-32	1.19E+06	1.60E-06	1.57E+06	0.000550632	7.99E+05	3.58E-32	8.12E+05	2.01E-31	1.68E+06	0.00079074	2.71E+06	0.0017206	1.85E+06	0.000747115
1.03E+06	4.47E-32	1.20E+06	5.01E-07	1.57E+06	0.000511187	8.02E+05	3.58E-32	8.16E+05	2.01E-31	1.69E+06	0.000715806	2.73E+06	0.00168613	1.86E+06	0.000704099
1.04E+06	4.47E-32	1.20E+06	5.18E-32	1.58E+06	0.000473844	8.06E+05	3.58E-32	8.19E+05	2.01E-31	1.70E+06	0.000665063	2.74E+06	0.0016591	1.86E+06	0.000679648
1.04E+06	4.47E-32	1.21E+06	5.18E-32	1.59E+06	0.000431395	8.09E+05	3.58E-32	8.23E+05	2.01E-31	1.70E+06	0.000633897	2.75E+06	0.00160012	1.87E+06	0.000662894
1.04E+06	4.47E-32	1.21E+06	5.18E-32	1.59E+06	0.000403563	8.13E+05	3.58E-32	8.26E+05	2.01E-31	1.71E+06	0.000580116	2.76E+06	0.00153003	1.88E+06	0.00061354
1.05E+06	4.47E-32	1.22E+06	5.18E-32	1.60E+06	0.000366321	8.16E+05	3.58E-32	8.30E+05	2.01E-31	1.72E+06	0.000543099	2.77E+06	0.00148509	1.89E+06	0.000608106
1.05E+06	4.47E-32	1.22E+06	5.18E-32	1.61E+06	0.000335185	8.20E+05	3.58E-32	8.33E+05	2.01E-31	1.72E+06	0.00052926	2.79E+06	0.00143103	1.90E+06	0.000547884
1.06E+06	4.47E-32	1.23E+06	5.18E-32	1.61E+06	0.000294939	8.23E+05	3.58E-32	8.37E+05	2.01E-31	1.73E+06	0.000470753	2.80E+06	0.00139144	1.90E+06	0.000534753
1.06E+06	4.47E-32	1.23E+06	5.18E-32	1.62E+06	0.000270511	8.27E+05	3.58E-32	8.41E+05	2.01E-31	1.74E+06	0.000443975	2.81E+06	0.00134901	1.91E+06	0.000492643
1.07E+06	4.47E-32	1.24E+06	5.18E-32	1.63E+06	0.000234469	8.30E+05	3.58E-32	8.44E+05	2.01E-31	1.75E+06	0.000403246	2.82E+06	0.00129432	1.92E+06	0.000486756
1.07E+06	4.47E-32	1.24E+06	5.18E-32	1.63E+06	0.000204335	8.34E+05	3.58E-32	8.48E+05	2.01E-31	1.75E+06	0.000366004	2.83E+06	0.00123325	1.93E+06	0.000441024
1.08E+06	4.47E-32	1.25E+06	5.18E-32	1.64E+06	0.000184011	8.37E+05	3.58E-32	8.51E+05	2.01E-31	1.76E+06	0.000327975	2.84E+06	0.00122277	1.94E+06	0.000416573
1.08E+06	4.47E-32	1.25E+06	5.18E-32	1.65E+06	0.000161285	8.41E+05	3.58E-32	8.55E+05	2.01E-31	1.77E+06	0.000308172	2.86E+06	0.001186	1.94E+06	0.000372652
1.08E+06	4.47E-32	1.26E+06	5.18E-32	1.66E+06	0.000135856	8.44E+05	3.58E-32	8.58E+05	2.01E-31	1.78E+06	0.000275319	2.87E+06	0.00111853	1.95E+06	0.000366765
1.09E+06	4.47E-32	1.27E+06	5.18E-32	1.66E+06	0.000108925	8.48E+05	3.58E-32	8.62E+05	2.01E-31	1.78E+06	0.000244265	2.88E+06	0.00107977	1.96E+06	0.000341862
1.09E+06	4.47E-32	1.27E+06	5.18E-32	1.67E+06	9.53E-05	8.51E+05	3.58E-32	8.65E+05	2.01E-31	1.79E+06	0.000210849	2.89E+06	0.00104007	1.97E+06	0.000304732
1.10E+06	4.47E-32	1.28E+06	5.18E-32	1.68E+06	8.07E-05	8.54E+05	3.58E-32	8.69E+05	2.01E-31	1.80E+06	0.000189697	2.90E+06	0.000994915	1.98E+06	0.000261717
1.10E+06	4.47E-32	1.28E+06	5.18E-32	1.68E+06	6.03E-05	8.58E+05	3.58E-32	8.72E+05	2.01E-31	1.81E+06	0.000161456	2.91E+06	0.000972287	1.98E+06	0.000278017
1.11E+06	4.47E-32	1.29E+06	5.18E-32	1.69E+06	4.52E-05	8.61E+05	3.58E-32	8.76E+05	2.01E-31	1.81E+06	0.000135015	2.93E+06	0.00089864	1.99E+06	0.000244057
1.11E+06	4.47E-32	1.29E+06	5.18E-32	1.70E+06	3.67E-05	8.65E+05	3.58E-32	8.79E+05	2.01E-31	1.82E+06	0.000116113	2.94E+06	0.000867735	2.00E+06	0.000252661
1.12E+06	4.47E-32	1.30E+06	5.18E-32	1.70E+06	2.31E-05	8.68E+05	3.58E-32	8.83E+05	2.01E-31	1.83E+06	9.41E-05	2.95E+06	0.000842383	2.01E+06	0.00019108
1.12E+06	4.47E-32	1.30E+06	5.18E-32	1.71E+06	1.33E-05	8.72E+05	3.58E-32	8.86E+05	2.01E-31	1.83E+06	8.13E-05	2.96E+06	0.000796498	2.02E+06	0.000177949
1.12E+06	4.47E-32	1.31E+06	5.18E-32	1.72E+06	7.71E-06	8.75E+05	3.58E-32	8.90E+05	2.01E-31	1.84E+06	5.96E-05	2.97E+06	0.000752708	2.02E+06	0.000161648
1.13E+06	4.47E-32	1.31E+06	5.18E-32	1.72E+06	3.30E-06	8.79E+05	3.58E-32	8.93E+05	2.01E-31	1.85E+06	4.91E-05	2.99E+06	0.000710175	2.03E+06	0.000130858
1.13E+06	4.47E-32	1.32E+06	5.18E-32	1.73E+06	5.01E-07	8.82E+05	3.58E-32	8.97E+05	2.01E-31	1.86E+06	3.59E-05	3.00E+06	0.000685556	2.04E+06	0.000102332
1.14E+06	4.47E-32	1.32E+06	5.18E-32	1.74E+06	2.00E-07	8.86E+05	3.58E-32	9.00E+05	2.01E-31	1.86E+06	2.43E-05	3.01E+06	0.000646376	2.05E+06	8.74E-05
1.14E+06	4.47E-32	1.33E+06	5.18E-32	1.74E+06	6.80E-32	8.89E+05	3.58E-32	9.04E+05	2.01E-31	1.87E+06	1.44E-05	3.02E+06	0.000612433	2.06E+06	7.92E-05
1.15E+06	4.47E-32	1.33E+06	5.18E-32	1.75E+06	6.80E-32	8.93E+05	3.58E-32	9.07E+05	2.01E-31	1.88E+06	9.00E-06	3.03E+06	0.000563719	2.06E+06	6.38E-05
1.15E+06	4.47E-32	1.34E+06	5.18E-32	1.76E+06	6.80E-32	8.96E+05	3.58E-32	9.11E+05	2.01E-31	1.89E+06	3.71E-06	3.04E+06	0.000535853	2.07E+06	5.98E-05
1.16E+06	4.47E-32	1.34E+06	5.18E-32	1.76E+06	6.80E-32	9.00E+05	3.58E-32	9.15E+05	2.01E-31	1.89E+06	6.75E-07	3.06E+06	0.00051291	2.08E+06	4.53E-05
1.16E+06	4.47E-32	1.35E+06	5.18E-32	1.77E+06	6.80E-32	9.03E+05	3.58E-32	9.18E+05	2.01E-31	1.90E+06	8.21E-32	3.07E+06	0.00046671	2.09E+06	3.71E-05
1.16E+06	4.47E-32	1.35E+06	5.18E-32	1.78E+06	6.80E-32	9.06E+05	3.58E-32	9.22E+05	2.01E-31	1.91E+06	8.21E-32	3.08E+06	0.000427844	2.10E+06	2.35E-05
1.17E+06	4.47E-32	1.36E+06	5.18E-32	1.78E+06	6.80E-32	9.10E+05	3.58E-32	9.25E+05	2.01E-31	1.91E+06	8.21E-32	3.09E+06	0.000399349	2.10E+06	2.13E-05
1.17E+06	4.47E-32	1.36E+06	5.18E-32	1.79E+06	6.80E-32	9.13E+05	3.58E-32	9.29E+05	2.01E-31	1.92E+06	8.21E-32	3.10E+06	0.000366873	2.11E+06	6.79E-06
1.18E+06	4.47E-32	1.37E+06	5.18E-32	1.80E+06	6.80E-32	9.17E+05	3.58E-32	9.32E+05	2.01E-31	1.93E+06	8.21E-32	3.11E+06	0.000353673	2.12E+06	2.72E-06
1.18E+06	4.47E-32	1.37E+06	5.18E-32	1.80E+06	6.80E-32	9.20E+05	3.58E-32	9.36E+05	2.01E-31	1.94E+06	8.21E-32	3.13E+06	0.000326435	2.13E+06	2.26E-06
1.19E+06	4.47E-32	1.38E+06	5.18E-32	1.81E+06	6.80E-32	9.24E+05	3.58E-32	9.39E+05	2.01E-31	1.94E+06	8.21E-32	3.14E+06	0.000287988	2.14E+06	3.63E-31
1.19E+06	4.47E-32	1.38E+06	5.18E-32	1.82E+06	6.80E-32	9.27E+05	3.58E-32	9.43E+05	2.01E-31	1.95E+06	8.21E-32	3.15E+06	0.000264731	2.14E+06	3.63E-31
1.20E+06	4.47E-32	1.39E+06	5.18E-32	1.83E+06	6.80E-32	9.31E+05	3.58E-32	9.46E+05	2.01E-31	1.96E+06	8.21E-32	3.16E+06	0.000247131	2.15E+06	3.63E-31
1.20E+06	4.47E-32	1.39E+06	5.18E-32	1.83E+06	6.80E-32	9.34E+05	3.58E-32	9.50E+05	2.01E-31	1.97E+06	8.21E-32	3.17E+06	0.000219055	2.16E+06	3.63E-31
1.20E+06	4.47E-32	1.40E+06	5.18E-32	1.84E+06	6.80E-32	9.38E+05	3.58E-32	9.53E+05	2.01E-31	1.97E+06	8.21E-32	3.19E+06	0.000196532	2.17E+06	3.63E-31
1.21E+06	4.47E-32	1.40E+06	5.18E-32	1.85E+06	6.80E-32	9.41E+05	3.58E-32	9.57E+05	2.01E-31	1.98E+06	8.21E-32	3.20E+06	0.000167932	2.18E+06	3.63E-31
1.21E+06	4.47E-32	1.41E+06	5.18E-32	1.85E+06	6.80E-32	9.45E+05	3.58E-32	9.60E+05	2.01E-31	1.99E+06	8.21E-32	3.21E+06	0.000152008	2.18E+06	3.63E-31
1.22E+06	4.47E-32	1.42E+06	5.18E-32	1.86E+06	6.80E-32	9.48E+05	3.58E-32	9.64E+05	2.01E-31	1.99E+06	8.21E-32	3.22E+06	0.000131894	2.19E+06	3.63E-31
1.22E+06	4.47E-32	1.42E+06	5.18E-32	1.87E+06	6.80E-32	9.52E+05	3.58E-32	9.67E+05	2.01E-31	2.00E+06	8.21E-32	3.23E+06	0.000115342	2.20E+06	3.63E-31
1.23E+06	4.47E-32	1.43E+06	5.18E-32	1.87E+06	6.80E-32	9.55E+05	3.58E-32	9.71E+05	2.01E-31	2.01E+06	8.21E-32	3.24E+06	9.58E-05	2.21E+06	3.63E-31
1.23E+06	4.47E-32	1.43E+06	5.18E-32	1.88E+06	6.80E-32	9.58E+05	3.58E-32	9.74E+05	2.01E-31	2.02E+06	8.21E-32	3.26E+06	8.07E-05	2.22E+06	3.63E-31
1.24E+06	4.47E-32	1.44E+06	5.18E-32	1.89E+06	6.80E-32	9.62E+05	3.58E-32	9.78E+05	2.01E-31	2.02E+06	8.21E-32	3.27E+06	6.70E-05	2.22E+06	3.63E-31
1.24E+06	4.47E-32	1.44E+06	5.18E-32	1.89E+06	6.80E-32	9.65E+05	3.58E-32	9.81E+05	2.01E-31	2.03E+06	8.21E-32	3.28E+06	5.55E-05	2.23E+06	3.63E-31
1.24E+06	4.47E-32	1.45E+06	5.18E-32	1.90E+06	6.80E-32	9.69E+05	3.58E-32	9.85E+05	2.01E-31	2.04E+06	8.21E-32	3.29E+06	4.45E-05	2.24E+06	3.63E-31
1.25E+06	4.47E-32	1.45E+06	5.18E-32	1.91E+06	6.80E-32	9.72E+05	3.58E-32	9.89E+05	2.01E-31	2.05E+06	8.21E-32	3.30E+06	3.92E-05	2.25E+06	3.63E-31
1.25E+06	4.47E-32	1.46E+06	5.18E-32	1.91E+06	6.80E-32	9.76E+05	3.58E-32	9.92E+05	2.01E-31	2.05E+06	8.21E-32	3.32E+06	2.17E-05	2.26E+06	3.63E-31
1.26E+06	4.47E-32	1.46E+06	5.18E-32	1.92E+06	6.80E-32	9.79E+05	3.58E-32	9.96E+05	2.01E-31	2.06E+06	8.21E-32	3.33E+06	1.59E-05	2.26E+06	3.63E-31
1.26E+06	4.47E-32	1.47E+06	5.18E-32	1.93E+06	6.80E-32	9.83E+05	3.58E-32	9.99E+05	2.01E-31	2.07E+06	8.21E-32	3.34E+06	9.32E-06	2.27E+06	3.63E-31
1.27E+06	4.47E-32	1.47E+06	5.18E-32	1.93E+06	6.80E-32	9.86E+05	3.58E-32	1.00E+06	2.01E-31	2.08E+06	8.21E-32	3.35E+06	4.71E-06	2.28E+06	3.63E-31
1.27E+06	4.47E-32	1.48E+06	5.18E-32	1.94E+06	6.80E-32	9.90E+05	3.58E-32	1.01E+06	2.01E-31	2.08E+06	8.21E-32	3.36E+06	1.68E-06	2.29E+06	3.63E-31
1.28E+06	4.47E-32	1.48E+06	5.18E-32	1.95E+06	6.80E-32	9.93E+05	3.58E-32	1.01E+06	2.01E-31	2.09E+06	8.21E-32	3.37E+06	6.29E-07	2.30E+06	3.63E-31
1.28E+06	4.47E-32	1.49E+06	5.18E-32	1.95E+06	6.80E-32	9.97E+05	3.58E-32	1.01E+06	2.01E-31	2.10E+06	8.21E-32	3.39E+06	1.23E-31	2.30E+06	3.63E-31
1.29E+06	4.47E-32	1.49E+06	5.18E-32	1.96E+06	6.80E-32	1.00E+06	3.58E-32	1.02E+06	2.01E-31	2.10E+06	8.21E-32	3.40E+06	1.23E-31	2.31E+06	3.63E-31
1.29E+06	4.47E-32	1.50E+06	5.18E-32	1.97E+06	6.80E-32	1.00E+06	3.58E-32	1.02E+06	2.01E-31	2.11E+06	8.21E-32	3.41E+06	1.23E-31	2.32E+06	3.63E-31
1.29E+06	4.47E-32	1.50E+06	5.18E-32	1.97E+06	6.80E-32	1.01E+06	3.58E-32	1.02E+06	2.01E-31	2.12E+06	8.21E-32	3.42E+06	1.23E-31	2.33E+06	3.63E-31
1.30E+06	4.47E-32	1.51E+06	5.18E-32	1.98E+06	6.80E-32	1.01E+06	3.58E-32	1.03E+06	2.01E-31	2.13E+06	8.21E-32	3.43E+06	1.23E-31	2.34E+06	3.63E-31
1.30E+06	4.47E-32	1.51E+06	5.18E-32	1.99E+06	6.80E-32	1.01E+06	3.58E-32	1.03E+06	2.01E-31	2.13E+06	8.21E-32	3.44E+06	1.23E-31	2.34E+06	3.63E-31
1.31E+06	4.47E-32	1.52E+06	5.18E-32	1.99E+06	6.80E-32	1.02E+06	3.58E-32	1.03E+06	2.01E-31	2.14E+06	8.21E-32	3.46E+06	1.23E-31	2.35E+06	3.63E-31
1.31E+06	4.47E-32	1.52E+06	5.18E-32	2.00E+06	6.80E-32	1.02E+06	3.58E-32	1.04E+06	2.01E-31	2.15E+06	8.21E-32	3.47E+06	1.23E-31	2.36E+06	3.63E-31
1.32E+06	4.47E-32	1.53E+06	5.18E-32	2.01E+06	6.80E-32	1.02E+06	3.58E-32	1.04E+06	2.01E-31	2.16E+06	8.21E-32	3.48E+06	1.23E-31	2.37E+06	3.63E-31
1.32E+06	4.47E-32	1.53E+06	5.18E-32	2.02E+06	6.80E-32	1.03E+06	3.58E-32	1.04E+06	2.01E-31	2.16E+06	8.21E-32	3.49E+06	1.23E-31	2.38E+06	3.63E-31
1.33E+06	4.47E-32	1.54E+06	5.18E-32	2.02E+06	6.80E-32	1.03E+06	3.58E-32	1.05E+06	2.01E-31	2.17E+06	8.21E-32	3.50E+06	1.23E-31	2.38E+06	3.63E-31
1.33E+06	4.47E-32	1.54E+06	5.18E-32	2.03E+06	6.80E-32	1.03E+06	3.58E-32	1.05E+06	2.01E-31	2.18E+06	8.21E-32	3.52E+06	1.23E-31	2.39E+06	3.63E-31
1.33E+06	4.47E-32	1.55E+06	5.18E-32	2.04E+06	6.80E-32	1.04E+06	3.58E-32	1.06E+06	2.01E-31	2.18E+06	8.21E-32	3.53E+06	1.23E-31	2.40E+06	3.63E-31
1.34E+06	4.47E-32	1.55E+06	5.18E-32	2.04E+06	6.80E-32	1.04E+06	3.58E-32	1.06E+06	2.01E-31	2.19E+06	8.21E-32	3.54E+06	1.23E-31	2.41E+06	3.63E-31
1.34E+06	4.47E-32	1.56E+06	5.18E-32	2.05E+06	6.80E-32	1.05E+06	3.58E-32	1.06E+06	2.01E-31	2.20E+06	8.21E-32	3.55E+06	1.23E-31	2.42E+06	3.63E-31
1.35E+06	4.47E-32	1.57E+06	5.18E-32	2.06E+06	6.80E-32	1.05E+06	3.58E-32	1.07E+06	2.01E-31	2.21E+06	8.21E-32	3.56E+06	1.23E-31	2.42E+06	3.63E-31
1.35E+06	4.47E-32	1.57E+06	5.18E-32	2.06E+06	6.80E-32	1.05E+06	3.58E-32	1.07E+06	2.01E-31	2.21E+06	8.21E-32	3.57E+06	1.23E-31	2.43E+06	3.63E-31
1.36E+06	4.47E-32	1.58E+06	5.18E-32	2.07E+06	6.80E-32	1.06E+06	3.58E-32	1.07E+06	2.01E-31	2.22E+06	8.21E-32	3.59E+06	1.23E-31	2.44E+06	3.63E-31
1.36E+06	4.47E-32	1.58E+06	5.18E-32	2.08E+06	6.80E-32	1.06E+06	3.58E-32	1.08E+06	2.01E-31	2.23E+06	8.21E-32	3.60E+06	1.23E-31	2.45E+06	3.63E-31
1.37E+06	4.47E-32	1.59E+06	5.18E-32	2.08E+06	6.80E-32	1.06E+06	3.58E-32	1.08E+06	2.01E-31	2.24E+06	8.21E-32	3.61E+06	1.23E-31	2.46E+06	3.63E-31
1.37E+06	4.47E-32	1.59E+06	5.18E-32	2.09E+06	6.80E-32	1.07E+06	3.58E-32	1.08E+06	2.01E-31	2.24E+06	8.21E-32	3.62E+06	1.23E-31	2.46E+06	3.63E-31
1.37E+06	4.47E-32	1.60E+06	5.18E-32	2.10E+06	6.80E-32	1.07E+06	3.58E-32	1.09E+06	2.01E-31	2.25E+06	8.21E-32	3.63E+06	1.23E-31	2.47E+06	3.63E-31
1.38E+06	4.47E-32	1.60E+06	5.18E-32	2.10E+06	6.80E-32	1.07E+06	3.58E-32	1.09E+06	2.01E-31	2.26E+06	8.21E-32	3.64E+06	1.23E-31	2.48E+06	3.63E-31
1.38E+06	4.47E-32	1.61E+06	5.18E-32	2.11E+06	6.80E-32	1.08E+06	3.58E-32	1.09E+06	2.01E-31	2.26E+06	8.21E-32	3.66E+06	1.23E-31	2.49E+06	3.63E-31
1.39E+06	4.47E-32	1.61E+06	5.18E-32	2.12E+06	6.80E-32	1.08E+06	3.58E-32	1.10E+06	2.01E-31	2.27E+06	8.21E-32	3.67E+06	1.23E-31	2.50E+06	3.63E-31
1.39E+06	4.47E-32	1.62E+06	5.18E-32	2.12E+06	6.80E-32	1.08E+06	3.58E-32	1.10E+06	2.01E-31	2.28E+06	8.21E-32	3.68E+06	1.23E-31	2.50E+06	3.63E-31
1.40E+06	4.47E-32	1.62E+06	5.18E-32	2.13E+06	6.80E-32	1.09E+06	3.58E-32	1.10E+06	2.01E-31	2.29E+06	8.21E-32	3.69E+06	1.23E-31	2.51E+06	3.63E-31
1.40E+06	4.47E-32	1.63E+06	5.18E-32	2.14E+06	6.80E-32	1.09E+06	3.58E-32	1.11E+06	2.01E-31	2.29E+06	8.21E-32	3.70E+06	1.23E-31	2.52E+06	3.63E-31
1.41E+06	4.47E-32	1.63E+06	5.18E-32	2.14E+06	6.80E-32	1.09E+06	3.58E-32	1.11E+06	2.01E-31	2.30E+06	8.21E-32	3.72E+06	1.23E-31	2.53E+06	3.63E-31
1.41E+06	4.47E-32	1.64E+06	5.18E-32	2.15E+06	6.80E-32	1.10E+06	3.58E-32	1.12E+06	2.01E-31	2.31E+06	8.21E-32	3.73E+06	1.23E-31	2.54E+06	3.63E-31
1.41E+06	4.47E-32	1.64E+06	5.18E-32	2.16E+06	6.80E-32	1.10E+06	3.58E-32	1.12E+06	2.01E-31	2.32E+06	8.21E-32	3.74E+06	1.23E-31	2.54E+06	3.63E-31
1.42E+06	4.47E-32	1.65E+06	5.18E-32	2.16E+06	6.80E-32	1.10E+06	3.58E-32	1.12E+06	2.01E-31	2.32E+06	8.21E-32	3.75E+06	1.23E-31	2.55E+06	3.63E-31
1.42E+06	4.47E-32	1.65E+06	5.18E-32	2.17E+06	6.80E-32	1.11E+06	3.58E-32	1.13E+06	2.01E-31	2.33E+06	8.21E-32	3.76E+06	1.23E-31	2.56E+06	3.63E-31
1.43E+06	4.47E-32	1.66E+06	5.18E-32	2.18E+06	6.80E-32	1.11E+06	3.58E-32	1.13E+06	2.01E-31	2.34E+06	8.21E-32	3.77E+06	1.23E-31	2.57E+06	3.63E-31
1.43E+06	4.47E-32	1.66E+06	5.18E-32	2.19E+06	6.80E-32	1.11E+06	3.58E-32	1.13E+06	2.01E-31	2.34E+06	8.21E-32	3.79E+06	1.23E-31	2.58E+06	3.63E-31
1.44E+06	4.47E-32	1.67E+06	5.18E-32	2.19E+06	6.80E-32	1.12E+06	3.58E-32	1.14E+06	2.01E-31	2.35E+06	8.21E-32	3.80E+06	1.23E-31	2.58E+06	3.63E-31
1.44E+06	4.47E-32	1.67E+06	5.18E-32	2.20E+06	6.80E-32	1.12E+06	3.58E-32	1.14E+06	2.01E-31	2.36E+06	8.21E-32	3.81E+06	1.23E-31	2.59E+06	3.63E-31
1.45E+06	4.47E-32	1.68E+06	5.18E-32	2.21E+06	6.80E-32	1.12E+06	3.58E-32	1.14E+06	2.01E-31	2.37E+06	8.21E-32	3.82E+06	1.23E-31	2.60E+06	3.63E-31
1.45E+06	4.47E-32	1.68E+06	5.18E-32	2.21E+06	6.80E-32	1.13E+06	3.58E-32	1.15E+06	2.01E-31	2.37E+06	8.21E-32	3.83E+06	1.23E-31	2.61E+06	3.63E-31
1.45E+06	4.47E-32	1.69E+06	5.18E-32	2.22E+06	6.80E-32	1.13E+06	3.58E-32	1.15E+06	2.01E-31	2.38E+06	8.21E-32	3.84E+06	1.23E-31	2.62E+06	3.63E-31
1.46E+06	4.47E-32	1.69E+06	5.18E-32	2.23E+06	6.80E-32	1.14E+06	3.58E-32	1.15E+06	2.01E-31	2.39E+06	8.21E-32	3.86E+06	1.23E-31	2.62E+06	3.63E-31
1.46E+06	4.47E-32	1.70E+06	5.18E-32	2.23E+06	6.80E-32	1.14E+06	3.58E-32	1.16E+06	2.01E-31	2.40E+06	8.21E-32	3.87E+06	1.23E-31	2.63E+06	3.63E-31
1.47E+06	4.47E-32	1.70E+06	5.18E-32	2.24E+06	6.80E-32	1.14E+06	3.58E-32	1.16E+06	2.01E-31	2.40E+06	8.21E-32	3.88E+06	1.23E-31	2.64E+06	3.63E-31
1.47E+06	4.47E-32	1.71E+06	5.18E-32	2.25E+06	6.80E-32	1.15E+06	3.58E-32	1.16E+06	2.01E-31	2.41E+06	8.21E-32	3.89E+06	1.23E-31	2.65E+06	3.63E-31
1.48E+06	4.47E-32	1.72E+06	5.18E-32	2.25E+06	6.80E-32	1.15E+06	3.58E-32	1.17E+06	2.01E-31	2.42E+06	8.21E-32	3.90E+06	1.23E-31	2.66E+06	3.63E-31
1.48E+06	4.47E-32	1.72E+06	5.18E-32	2.26E+06	6.80E-32	1.15E+06	3.58E-32	1.17E+06	2.01E-31	2.43E+06	8.21E-32	3.92E+06	1.23E-31	2.67E+06	3.63E-31
1.49E+06	4.47E-32	1.73E+06	5.18E-32	2.27E+06	6.80E-32	1.16E+06	3.58E-32	1.18E+06	2.01E-31	2.43E+06	8.21E-32	3.93E+06	1.23E-31	2.67E+06	3.63E-31
1.49E+06	4.47E-32	1.73E+06	5.18E-32	2.27E+06	6.80E-32	1.16E+06	3.58E-32	1.18E+06	2.01E-31	2.44E+06	8.21E-32	3.94E+06	1.23E-31	2.68E+06	3.63E-31
1.49E+06	4.47E-32	1.74E+06	5.18E-32	2.28E+06	6.80E-32	1.16E+06	3.58E-32	1.18E+06	2.01E-31	2.45E+06	8.21E-32	3.95E+06	1.23E-31	2.69E+06	3.63E-31
1.50E+06	4.47E-32	1.74E+06	5.18E-32	2.29E+06	6.80E-32	1.17E+06	3.58E-32	1.19E+06	2.01E-31	2.45E+06	8.21E-32	3.96E+06	1.23E-31	2.70E+06	3.63E-31
1.50E+06	4.47E-32	1.75E+06	5.18E-32	2.29E+06	6.80E-32	1.17E+06	3.58E-32	1.19E+06	2.01E-31	2.46E+06	8.21E-32	3.97E+06	1.23E-31	2.71E+06	3.63E-31
1.51E+06	4.47E-32	1.75E+06	5.18E-32	2.30E+06	6.80E-32	1.17E+06	3.58E-32	1.19E+06	2.01E-31	2.47E+06	8.21E-32	3.99E+06	1.23E-31	2.71E+06	3.63E-31
1.51E+06	4.47E-32	1.76E+06	5.18E-32	2.31E+06	6.80E-32	1.18E+06	3.58E-32	1.20E+06	2.01E-31	2.48E+06	8.21E-32	4.00E+06	1.23E-31	2.72E+06	3.63E-31
1.52E+06	4.47E-32	1.76E+06	5.18E-32	2.31E+06	6.80E-32	1.18E+06	3.58E-32	1.20E+06	2.01E-31	2.48E+06	8.21E-32	4.01E+06	1.23E-31	2.73E+06	3.63E-31
1.52E+06	4.47E-32	1.77E+06	5.18E-32	2.32E+06	6.80E-32	1.18E+06	3.58E-32	1.20E+06	2.01E-31	2.49E+06	8.21E-32	4.02E+06	1.23E-31	2.74E+06	3.63E-31
1.53E+06	4.47E-32	1.77E+06	5.18E-32	2.33E+06	6.80E-32	1.19E+06	3.58E-32	1.21E+06	2.01E-31	2.50E+06	8.21E-32	4.03E+06	1.23E-31	2.75E+06	3.63E-31
1.53E+06	4.47E-32	1.78E+06	5.18E-32	2.33E+06	6.80E-32	1.19E+06	3.58E-32	1.21E+06	2.01E-31	2.51E+06	8.21E-32	4.05E+06	1.23E-31	2.75E+06	3.63E-31
1.53E+06	4.47E-32	1.78E+06	5.18E-32	2.34E+06	6.80E-32	1.19E+06	3.58E-32	1.21E+06	2.01E-31	2.51E+06	8.21E-32	4.06E+06	1.23E-31	2.76E+06	3.63E-31
1.54E+06	4.47E-32	1.79E+06	5.18E-32	2.35E+06	6.80E-32	1.20E+06	3.58E-32	1.22E+06	2.01E-31	2.52E+06	8.21E-32	4.07E+06	1.23E-31	2.77E+06	3.63E-31
1.54E+06	4.47E-32	1.79E+06	5.18E-32	2.36E+06	6.80E-32	1.20E+06	3.58E-32	1.22E+06	2.01E-31	2.53E+06	8.21E-32	4.08E+06	1.23E-31	2.78E+06	3.63E-31
1.55E+06	4.47E-32	1.80E+06	5.18E-32	2.36E+06	6.80E-32	1.20E+06	3.58E-32	1.22E+06	2.01E-31	2.53E+06	8.21E-32	4.09E+06	1.23E-31	2.79E+06	3.63E-31
1.55E+06	4.47E-32	1.80E+06	5.18E-32	2.37E+06	6.80E-32	1.21E+06	3.58E-32	1.23E+06	2.01E-31	2.54E+06	8.21E-32	4.10E+06	1.23E-31	2.79E+06	3.63E-31
1.56E+06	4.47E-32	1.81E+06	5.18E-32	2.38E+06	6.80E-32	1.21E+06	3.58E-32	1.23E+06	2.01E-31	2.55E+06	8.21E-32	4.12E+06	1.23E-31	2.80E+06	3.63E-31
1.56E+06	4.47E-32	1.81E+06	5.18E-32	2.38E+06	6.80E-32	1.21E+06	3.58E-32	1.24E+06	2.01E-31	2.56E+06	8.21E-32	4.13E+06	1.23E-31	2.81E+06	3.63E-31
1.57E+06	4.47E-32	1.82E+06	5.18E-32	2.39E+06	6.80E-32	1.22E+06	3.58E-32	1.24E+06	2.01E-31	2.56E+06	8.21E-32	4.14E+06	1.23E-31	2.82E+06	3.63E-31
1.57E+06	4.47E-32	1.82E+06	5.18E-32	2.40E+06	6.80E-32	1.22E+06	3.58E-32	1.24E+06	2.01E-31	2.57E+06	8.21E-32	4.15E+06	1.23E-31	2.83E+06	3.63E-31
1.57E+06	4.47E-32	1.83E+06	5.18E-32	2.40E+06	6.80E-32	1.23E+06	3.58E-32	1.25E+06	2.01E-31	2.58E+06	8.21E-32	4.16E+06	1.23E-31	2.83E+06	3.63E-31
1.58E+06	4.47E-32	1.83E+06	5.18E-32	2.41E+06	6.80E-32	1.23E+06	3.58E-32	1.25E+06	2.01E-31	2.59E+06	8.21E-32	4.17E+06	1.23E-31	2.84E+06	3.63E-31
1.58E+06	4.47E-32	1.84E+06	5.18E-32	2.42E+06	6.80E-32	1.23E+06	3.58E-32	1.25E+06	2.01E-31	2.59E+06	8.21E-32	4.19E+06	1.23E-31	2.85E+06	3.63E-31
1.59E+06	4.47E-32	1.84E+06	5.18E-32	2.42E+06	6.80E-32	1.24E+06	3.58E-32	1.26E+06	2.01E-31	2.60E+06	8.21E-32	4.20E+06	1.23E-31	2.86E+06	3.63E-31
1.59E+06	4.47E-32	1.85E+06	5.18E-32	2.43E+06	6.80E-32	1.24E+06	3.58E-32	1.26E+06	2.01E-31	2.61E+06	8.21E-32	4.21E+06	1.23E-31	2.87E+06	3.63E-31
1.60E+06	4.47E-32	1.85E+06	5.18E-32	2.44E+06	6.80E-32	1.24E+06	3.58E-32	1.26E+06	2.01E-31	2.61E+06	8.21E-32	4.22E+06	1.23E-31	2.87E+06	3.63E-31
1.60E+06	4.47E-32	1.86E+06	5.18E-32	2.44E+06	6.80E-32	1.25E+06	3.58E-32	1.27E+06	2.01E-31	2.62E+06	8.21E-32	4.23E+06	1.23E-31	2.88E+06	3.63E-31
1.61E+06	4.47E-32	1.87E+06	5.18E-32	2.45E+06	6.80E-32	1.25E+06	3.58E-32	1.27E+06	2.01E-31	2.63E+06	8.21E-32	4.25E+06	1.23E-31	2.89E+06	3.63E-31
1.61E+06	4.47E-32	1.87E+06	5.18E-32	2.46E+06	6.80E-32	1.25E+06	3.58E-32	1.27E+06	2.01E-31	2.64E+06	8.21E-32	4.26E+06	1.23E-31	2.90E+06	3.63E-31
1.61E+06	4.47E-32	1.88E+06	5.18E-32	2.46E+06	6.80E-32	1.26E+06	3.58E-32	1.28E+06	2.01E-31	2.64E+06	8.21E-32	4.27E+06	1.23E-31	2.91E+06	3.63E-31
1.62E+06	4.47E-32	1.88E+06	5.18E-32	2.47E+06	6.80E-32	1.26E+06	3.58E-32	1.28E+06	2.01E-31	2.65E+06	8.21E-32	4.28E+06	1.23E-31	2.91E+06	3.63E-31
1.62E+06	4.47E-32	1.89E+06	5.18E-32	2.48E+06	6.80E-32	1.26E+06	3.58E-32	1.28E+06	2.01E-31	2.66E+06	8.21E-32	4.29E+06	1.23E-31	2.92E+06	3.63E-31
1.63E+06	4.47E-32	1.89E+06	5.18E-32	2.48E+06	6.80E-32	1.27E+06	3.58E-32	1.29E+06	2.01E-31	2.67E+06	8.21E-32	4.30E+06	1.23E-31	2.93E+06	3.63E-31
1.63E+06	4.47E-32	1.90E+06	5.18E-32	2.49E+06	6.80E-32	1.27E+06	3.58E-32	1.29E+06	2.01E-31	2.67E+06	8.21E-32	4.32E+06	1.23E-31	2.94E+06	3.63E-31
1.64E+06	4.47E-32	1.90E+06	5.18E-32	2.50E+06	6.80E-32	1.27E+06	3.58E-32	1.30E+06	2.01E-31	2.68E+06	8.21E-32	4.33E+06	1.23E-31	2.95E+06	3.63E-31
1.64E+06	4.47E-32	1.91E+06	5.18E-32	2.50E+06	6.80E-32	1.28E+06	3.58E-32	1.30E+06	2.01E-31	2.69E+06	8.21E-32	4.34E+06	1.23E-31	2.95E+06	3.63E-31
1.65E+06	4.47E-32	1.91E+06	5.18E-32	2.51E+06	6.80E-32	1.28E+06	3.58E-32	1.30E+06	2.01E-31	2.69E+06	8.21E-32	4.35E+06	1.23E-31	2.96E+06	3.63E-31
1.65E+06	4.47E-32	1.92E+06	5.18E-32	2.52E+06	6.80E-32	1.28E+06	3.58E-32	1.31E+06	2.01E-31	2.70E+06	8.21E-32	4.36E+06	1.23E-31	2.97E+06	3.63E-31
1.65E+06	4.47E-32	1.92E+06	5.18E-32	2.53E+06	6.80E-32	1.29E+06	3.58E-32	1.31E+06	2.01E-31	2.71E+06	8.21E-32	4.37E+06	1.23E-31	2.98E+06	3.63E-31
1.66E+06	4.47E-32	1.93E+06	5.18E-32	2.53E+06	6.80E-32	1.29E+06	3.58E-32	1.31E+06	2.01E-31	2.72E+06	8.21E-32	4.39E+06	1.23E-31	2.99E+06	3.63E-31
1.66E+06	4.47E-32	1.93E+06	5.18E-32	2.54E+06	6.80E-32	1.29E+06	3.58E-32	1.32E+06	2.01E-31	2.72E+06	8.21E-32	4.40E+06	1.23E-31	2.99E+06	3.63E-31
1.67E+06	4.47E-32	1.94E+06	5.18E-32	2.55E+06	6.80E-32	1.30E+06	3.58E-32	1.32E+06	2.01E-31	2.73E+06	8.21E-32	4.41E+06	1.23E-31	3.00E+06	3.63E-31
1.67E+06	4.47E-32	1.94E+06	5.18E-32	2.55E+06	6.80E-32	1.30E+06	3.58E-32	1.32E+06	2.01E-31	2.74E+06	8.21E-32	4.42E+06	1.23E-31	3.01E+06	3.63E-31
1.68E+06	4.47E-32	1.95E+06	5.18E-32	2.56E+06	6.80E-32	1.31E+06	3.58E-32	1.33E+06	2.01E-31	2.75E+06	8.21E-32	4.43E+06	1.23E-31	3.02E+06	3.63E-31
1.68E+06	4.47E-32	1.95E+06	5.18E-32	2.57E+06	6.80E-32	1.31E+06	3.58E-32	1.33E+06	2.01E-31	2.75E+06	8.21E-32	4.45E+06	1.23E-31	3.03E+06	3.63E-31
1.69E+06	4.47E-32	1.96E+06	5.18E-32	2.57E+06	6.80E-32	1.31E+06	3.58E-32	1.33E+06	2.01E-31	2.76E+06	8.21E-32	4.46E+06	1.23E-31	3.03E+06	3.63E-31
1.69E+06	4.47E-32	1.96E+06	5.18E-32	2.58E+06	6.80E-32	1.32E+06	3.58E-32	1.34E+06	2.01E-31	2.77E+06	8.21E-32	4.47E+06	1.23E-31	3.04E+06	3.63E-31
1.69E+06	4.47E-32	1.97E+06	5.18E-32	2.59E+06	6.80E-32	1.32E+06	3.58E-32	1.34E+06	2.01E-31	2.78E+06	8.21E-32	4.48E+06	1.23E-31	3.05E+06	3.63E-31
1.70E+06	4.47E-32	1.97E+06	5.18E-32	2.59E+06	6.80E-32	1.32E+06	3.58E-32	1.34E+06	2.01E-31	2.78E+06	8.21E-32	4.49E+06	1.23E-31	3.06E+06	3.63E-31
1.70E+06	4.47E-32	1.98E+06	5.18E-32	2.60E+06	6.80E-32	1.33E+06	3.58E-32	1.35E+06	2.01E-31	2.79E+06	8.21E-32	4.50E+06	1.23E-31	3.07E+06	3.63E-31
1.71E+06	4.47E-32	1.98E+06	5.18E-32	2.61E+06	6.80E-32	1.33E+06	3.58E-32	1.35E+06	2.01E-31	2.80E+06	8.21E-32	4.52E+06	1.23E-31	3.07E+06	3.63E-31
1.71E+06	4.47E-32	1.99E+06	5.18E-32	2.61E+06	6.80E-32	1.33E+06	3.58E-32	1.36E+06	2.01E-31	2.80E+06	8.21E-32	4.53E+06	1.23E-31	3.08E+06	3.63E-31
1.72E+06	4.47E-32	1.99E+06	5.18E-32	2.62E+06	6.80E-32	1.34E+06	3.58E-32	1.36E+06	2.01E-31	2.81E+06	8.21E-32	4.54E+06	1.23E-31	3.09E+06	3.63E-31
1.72E+06	4.47E-32	2.00E+06	5.18E-32	2.63E+06	6.80E-32	1.34E+06	3.58E-32	1.36E+06	2.01E-31	2.82E+06	8.21E-32	4.55E+06	1.23E-31	3.10E+06	3.63E-31
1.73E+06	4.47E-32	2.00E+06	5.18E-32	2.63E+06	6.80E-32	1.34E+06	3.58E-32	1.37E+06	2.01E-31	2.83E+06	8.21E-32	4.56E+06	1.23E-31	3.11E+06	3.63E-31
1.73E+06	4.47E-32	2.01E+06	5.18E-32	2.64E+06	6.80E-32	1.35E+06	3.58E-32	1.37E+06	2.01E-31	2.83E+06	8.21E-32	4.58E+06	1.23E-31	3.11E+06	3.63E-31
1.73E+06	4.47E-32	2.02E+06	5.18E-32	2.65E+06	6.80E-32	1.35E+06	3.58E-32	1.37E+06	2.01E-31	2.84E+06	8.21E-32	4.59E+06	1.23E-31	3.12E+06	3.63E-31
1.74E+06	4.47E-32	2.02E+06	5.18E-32	2.65E+06	6.80E-32	1.35E+06	3.58E-32	1.38E+06	2.01E-31	2.85E+06	8.21E-32	4.60E+06	1.23E-31	3.13E+06	3.63E-31
1.74E+06	4.47E-32	2.03E+06	5.18E-32	2.66E+06	6.80E-32	1.36E+06	3.58E-32	1.38E+06	2.01E-31	2.86E+06	8.21E-32	4.61E+06	1.23E-31	3.14E+06	3.63E-31
1.75E+06	4.47E-32	2.03E+06	5.18E-32	2.67E+06	6.80E-32	1.36E+06	3.58E-32	1.38E+06	2.01E-31	2.86E+06	8.21E-32	4.62E+06	1.23E-31	3.15E+06	3.63E-31
1.75E+06	4.47E-32	2.04E+06	5.18E-32	2.67E+06	6.80E-32	1.36E+06	3.58E-32	1.39E+06	2.01E-31	2.87E+06	8.21E-32	4.63E+06	1.23E-31	3.15E+06	3.63E-31
1.76E+06	4.47E-32	2.04E+06	5.18E-32	2.68E+06	6.80E-32	1.37E+06	3.58E-32	1.39E+06	2.01E-31	2.88E+06	8.21E-32	4.65E+06	1.23E-31	3.16E+06	3.63E-31
1.76E+06	4.47E-32	2.05E+06	5.18E-32	2.69E+06	6.80E-32	1.37E+06	3.58E-32	1.39E+06	2.01E-31	2.88E+06	8.21E-32	4.66E+06	1.23E-31	3.17E+06	3.63E-31
1.77E+06	4.47E-32	2.05E+06	5.18E-32	2.70E+06	6.80E-32	1.37E+06	3.58E-32	1.40E+06	2.01E-31	2.89E+06	8.21E-32	4.67E+06	1.23E-31	3.18E+06	3.63E-31
1.77E+06	4.47E-32	2.06E+06	5.18E-32	2.70E+06	6.80E-32	1.38E+06	3.58E-32	1.40E+06	2.01E-31	2.90E+06	8.21E-32	4.68E+06	1.23E-31	3.19E+06	3.63E-31
1.78E+06	4.47E-32	2.06E+06	5.18E-32	2.71E+06	6.80E-32	1.38E+06	3.58E-32	1.40E+06	2.01E-31	2.91E+06	8.21E-32	4.69E+06	1.23E-31	3.19E+06	3.63E-31
1.78E+06	4.47E-32	2.07E+06	5.18E-32	2.72E+06	6.80E-32	1.38E+06	3.58E-32	1.41E+06	2.01E-31	2.91E+06	8.21E-32	4.70E+06	1.23E-31	3.20E+06	3.63E-31