3	0
0.00223 0.00022205
0.00668 0.000699434
0.0111 0.00111416
0.0156 0.00144759
0.02 0.00179214
0.0245 0.00204026
0.029 0.00227153
0.0334 0.00254862
0.0379 0.00272816
0.0423 0.00293588
0.0468 0.00313327
0.0512 0.00332063
0.0557 0.00349396
0.0601 0.00367852
0.0646 0.0038319
0.069 0.00398688
0.0735 0.00418086
0.078 0.00429946
0.0824 0.00446717
0.0869 0.00458396
0.0913 0.00468261
0.0958 0.00483499
0.1 0.00493915
0.105 0.0050818
0.109 0.00523217
0.114 0.00534595
0.118 0.00543558
0.122 0.00554835
0.127 0.00562544
0.131 0.00575206
0.136 0.00583567
0.14 0.00592809
0.145 0.00599927
0.149 0.00617431
0.154 0.00619846
0.158 0.00627816
0.163 0.00641931
0.167 0.0064144
0.171 0.00654593
0.176 0.00658101
0.18 0.00671605
0.185 0.00673279
0.189 0.00683915
0.194 0.00689249
0.198 0.00698041
0.203 0.00698331
0.207 0.00707343
0.212 0.00704937
0.216 0.00712025
0.22 0.00725458
0.225 0.00727223
0.229 0.00729067
0.234 0.00736907
0.238 0.00739403
0.243 0.00740556
0.247 0.00745568
0.252 0.00747874
0.256 0.00752586
0.261 0.00757077
0.265 0.00760044
0.269 0.00764665
0.274 0.00763052
0.278 0.00769067
0.283 0.00767152
0.287 0.00779703
0.292 0.00769859
0.296 0.00774791
0.301 0.0077445
0.305 0.00776134
0.31 0.00777598
0.314 0.00774921
0.318 0.0077864
0.323 0.00779172
0.327 0.00777658
0.332 0.00781016
0.336 0.00779542
0.341 0.00775543
0.345 0.0077866
0.35 0.0077436
0.354 0.00771422
0.359 0.00777808
0.363 0.00773848
0.367 0.00773548
0.372 0.00770781
0.376 0.00771031
0.381 0.00763914
0.385 0.00767342
0.39 0.00764244
0.394 0.00758681
0.399 0.00756204
0.403 0.00751703
0.408 0.00752806
0.412 0.00751322
0.416 0.00743774
0.421 0.00745899
0.425 0.0074211
0.43 0.0073023
0.434 0.00731814
0.439 0.00733308
0.443 0.00720346
0.448 0.00721438
0.452 0.0071384
0.457 0.00710532
0.461 0.00699905
0.465 0.00699444
0.47 0.00699674
0.474 0.00691274
0.479 0.00687043
0.483 0.00680317
0.488 0.00677189
0.492 0.00668397
0.497 0.00664557
0.501 0.00657229
0.506 0.00653701
0.51 0.00644247
0.514 0.00643616
0.519 0.00634653
0.523 0.00628979
0.528 0.00626393
0.532 0.00617661
0.537 0.00606704
0.541 0.00599446
0.546 0.00595927
0.55 0.00585181
0.555 0.00578444
0.559 0.00576208
0.563 0.00565713
0.568 0.00554204
0.572 0.00548009
0.577 0.00541974
0.581 0.00534916
0.586 0.00525914
0.59 0.00522576
0.595 0.00512611
0.599 0.00510987
0.604 0.00496751
0.608 0.00493152
0.612 0.00478647
0.617 0.00477203
0.621 0.00463619
0.626 0.00458958
0.63 0.00447068
0.635 0.00438988
0.639 0.00431951
0.644 0.00426096
0.648 0.00417605
0.653 0.00407781
0.657 0.00400874
0.661 0.00389115
0.666 0.00382939
0.67 0.00373767
0.675 0.0036715
0.679 0.00358699
0.684 0.00348113
0.688 0.00342569
0.693 0.00332143
0.697 0.0032292
0.702 0.00316424
0.706 0.00305307
0.71 0.00299603
0.715 0.00291803
0.719 0.00282811
0.724 0.00273067
0.728 0.00265368
0.733 0.00259082
0.737 0.00248717
0.742 0.00242521
0.746 0.00233639
0.751 0.00226552
0.755 0.00220356
0.759 0.00212176
0.764 0.00200226
0.768 0.00196246
0.773 0.00184938
0.777 0.00183986
0.782 0.00172768
0.786 0.00167385
0.791 0.00158633
0.795 0.00149631
0.8 0.00144027
0.804 0.00138503
0.808 0.0013309
0.813 0.00123777
0.817 0.00120629
0.822 0.00112028
0.826 0.00105431
0.831 0.000970907
0.835 0.000935218
0.84 0.000867651
0.844 0.000812915
0.849 0.00074224
0.853 0.000720987
0.857 0.000654924
0.862 0.000595476
0.866 0.000567607
0.871 0.000514375
0.875 0.000448512
0.88 0.000418738
0.884 0.000368012
0.889 0.000331823
0.893 0.000297137
0.898 0.000255634
0.902 0.000229068
0.906 0.000200196
0.911 0.000165711
0.915 0.000133531
0.92 0.000114384
0.924 8.84E-05
0.929 7.51E-05
0.933 5.32E-05
0.938 3.58E-05
0.942 2.45E-05
0.947 1.38E-05
0.951 7.02E-06
0.955 2.21E-06
0.96 9.02E-07
0.964 4.47E-32
0.969 4.47E-32
0.973 4.47E-32
0.978 4.47E-32
0.982 4.47E-32
0.987 4.47E-32
0.991 4.47E-32
0.996 4.47E-32
1 4.47E-32
1 4.47E-32
1.01 4.47E-32
1.01 4.47E-32
1.02 4.47E-32
1.02 4.47E-32
1.03 4.47E-32
1.03 4.47E-32
1.04 4.47E-32
1.04 4.47E-32
1.04 4.47E-32
1.05 4.47E-32
1.05 4.47E-32
1.06 4.47E-32
1.06 4.47E-32
1.07 4.47E-32
1.07 4.47E-32
1.08 4.47E-32
1.08 4.47E-32
1.08 4.47E-32
1.09 4.47E-32
1.09 4.47E-32
1.1 4.47E-32
1.1 4.47E-32
1.11 4.47E-32
1.11 4.47E-32
1.12 4.47E-32
1.12 4.47E-32
1.12 4.47E-32
1.13 4.47E-32
1.13 4.47E-32
1.14 4.47E-32
1.14 4.47E-32
1.15 4.47E-32
1.15 4.47E-32
1.16 4.47E-32
1.16 4.47E-32
1.16 4.47E-32
1.17 4.47E-32
1.17 4.47E-32
1.18 4.47E-32
1.18 4.47E-32
1.19 4.47E-32
1.19 4.47E-32
1.2 4.47E-32
1.2 4.47E-32
1.2 4.47E-32
1.21 4.47E-32
1.21 4.47E-32
1.22 4.47E-32
1.22 4.47E-32
1.23 4.47E-32
1.23 4.47E-32
1.24 4.47E-32
1.24 4.47E-32
1.24 4.47E-32
1.25 4.47E-32
1.25 4.47E-32
1.26 4.47E-32
1.26 4.47E-32
1.27 4.47E-32
1.27 4.47E-32
1.28 4.47E-32
1.28 4.47E-32
1.29 4.47E-32
1.29 4.47E-32
1.29 4.47E-32
1.3 4.47E-32
1.3 4.47E-32
1.31 4.47E-32
1.31 4.47E-32
1.32 4.47E-32
1.32 4.47E-32
1.33 4.47E-32
1.33 4.47E-32
1.33 4.47E-32
1.34 4.47E-32
1.34 4.47E-32
1.35 4.47E-32
1.35 4.47E-32
1.36 4.47E-32
1.36 4.47E-32
1.37 4.47E-32
1.37 4.47E-32
1.37 4.47E-32
1.38 4.47E-32
1.38 4.47E-32
1.39 4.47E-32
1.39 4.47E-32
1.4 4.47E-32
1.4 4.47E-32
1.41 4.47E-32
1.41 4.47E-32
1.41 4.47E-32
1.42 4.47E-32
1.42 4.47E-32
1.43 4.47E-32
1.43 4.47E-32
1.44 4.47E-32
1.44 4.47E-32
1.45 4.47E-32
1.45 4.47E-32
1.45 4.47E-32
1.46 4.47E-32
1.46 4.47E-32
1.47 4.47E-32
1.47 4.47E-32
1.48 4.47E-32
1.48 4.47E-32
1.49 4.47E-32
1.49 4.47E-32
1.49 4.47E-32
1.5 4.47E-32
1.5 4.47E-32
1.51 4.47E-32
1.51 4.47E-32
1.52 4.47E-32
1.52 4.47E-32
1.53 4.47E-32
1.53 4.47E-32
1.53 4.47E-32
1.54 4.47E-32
1.54 4.47E-32
1.55 4.47E-32
1.55 4.47E-32
1.56 4.47E-32
1.56 4.47E-32
1.57 4.47E-32
1.57 4.47E-32
1.57 4.47E-32
1.58 4.47E-32
1.58 4.47E-32
1.59 4.47E-32
1.59 4.47E-32
1.6 4.47E-32
1.6 4.47E-32
1.61 4.47E-32
1.61 4.47E-32
1.61 4.47E-32
1.62 4.47E-32
1.62 4.47E-32
1.63 4.47E-32
1.63 4.47E-32
1.64 4.47E-32
1.64 4.47E-32
1.65 4.47E-32
1.65 4.47E-32
1.65 4.47E-32
1.66 4.47E-32
1.66 4.47E-32
1.67 4.47E-32
1.67 4.47E-32
1.68 4.47E-32
1.68 4.47E-32
1.69 4.47E-32
1.69 4.47E-32
1.69 4.47E-32
1.7 4.47E-32
1.7 4.47E-32
1.71 4.47E-32
1.71 4.47E-32
1.72 4.47E-32
1.72 4.47E-32
1.73 4.47E-32
1.73 4.47E-32
1.73 4.47E-32
1.74 4.47E-32
1.74 4.47E-32
1.75 4.47E-32
1.75 4.47E-32
1.76 4.47E-32
1.76 4.47E-32
1.77 4.47E-32
1.77 4.47E-32
1.78 4.47E-32
1.78 4.47E-32
