3	0
0.00176 2.01E-31
0.00529 6.84E-06
0.00881 5.36E-05
0.0123 0.000151025
0.0159 0.000284952
0.0194 0.000484989
0.0229 0.000663939
0.0264 0.000923816
0.03 0.0011552
0.0335 0.00138658
0.037 0.00163905
0.0405 0.00192115
0.0441 0.00218388
0.0476 0.00241982
0.0511 0.00271218
0.0546 0.00291791
0.0581 0.00318406
0.0617 0.00358869
0.0652 0.00371521
0.0687 0.00394887
0.0722 0.00414663
0.0758 0.00453929
0.0793 0.00472109
0.0828 0.00495475
0.0863 0.00525623
0.0899 0.00537819
0.0934 0.00555087
0.0969 0.00573153
0.1 0.005931
0.104 0.00609399
0.107 0.00627009
0.111 0.00647298
0.115 0.00664281
0.118 0.00683772
0.122 0.00696709
0.125 0.00717453
0.129 0.00726743
0.132 0.00749824
0.136 0.00757802
0.139 0.00773019
0.143 0.0079952
0.146 0.00784873
0.15 0.00819466
0.153 0.00812912
0.157 0.0085349
0.16 0.00841521
0.164 0.0085178
0.167 0.00873949
0.171 0.00875944
0.174 0.00888938
0.178 0.00894637
0.181 0.00883466
0.185 0.00902216
0.189 0.00906092
0.192 0.00936639
0.196 0.00927178
0.199 0.00933447
0.203 0.00925981
0.206 0.00946783
0.21 0.00937493
0.213 0.00947581
0.217 0.00949747
0.22 0.00952311
0.224 0.00941369
0.227 0.00953052
0.231 0.00972315
0.234 0.00962968
0.238 0.00964621
0.241 0.00956813
0.245 0.00958466
0.248 0.00963709
0.252 0.00973397
0.256 0.00964507
0.259 0.00972144
0.263 0.00977216
0.266 0.00970377
0.27 0.00958751
0.273 0.00961145
0.277 0.00949063
0.28 0.00957953
0.284 0.00944959
0.287 0.00927007
0.291 0.00930313
0.294 0.00948664
0.298 0.00941312
0.301 0.00927406
0.305 0.00923474
0.308 0.00912874
0.312 0.00899709
0.315 0.00894124
0.319 0.00888197
0.322 0.00890647
0.326 0.0087885
0.33 0.00872752
0.333 0.00869048
0.337 0.00868136
0.34 0.0084648
0.344 0.00835025
0.347 0.00825621
0.351 0.00830294
0.354 0.00807384
0.358 0.00796271
0.361 0.00794789
0.365 0.00781852
0.368 0.00774729
0.372 0.00761621
0.375 0.00759398
0.379 0.00759113
0.382 0.00733867
0.386 0.00731473
0.389 0.00705143
0.393 0.00700299
0.396 0.00698076
0.4 0.00681036
0.404 0.00669752
0.407 0.00653453
0.411 0.00646101
0.414 0.00634988
0.418 0.00617492
0.421 0.00602162
0.425 0.0060256
0.428 0.00582044
0.432 0.0056318
0.435 0.00564149
0.439 0.0054842
0.442 0.00529385
0.446 0.00526763
0.449 0.0051679
0.453 0.00498895
0.456 0.00481057
0.46 0.00473648
0.463 0.00448629
0.467 0.00454328
0.47 0.00437573
0.474 0.00415689
0.478 0.00407311
0.481 0.00384971
0.485 0.00382577
0.488 0.00367703
0.492 0.00352942
0.495 0.00337441
0.499 0.00338239
0.502 0.00327923
0.506 0.00313391
0.509 0.0030336
0.513 0.0028387
0.516 0.00274067
0.52 0.00264094
0.523 0.00254634
0.527 0.00245629
0.53 0.0021833
0.534 0.00215709
0.537 0.00205679
0.541 0.00193141
0.544 0.00180432
0.548 0.00174562
0.552 0.00158889
0.555 0.00158149
0.559 0.00148517
0.562 0.00136891
0.566 0.00125892
0.569 0.00115178
0.573 0.00107028
0.576 0.000944332
0.58 0.00089817
0.583 0.000844029
0.587 0.000744296
0.59 0.000691295
0.594 0.000632594
0.597 0.000567625
0.601 0.000506076
0.604 0.000415461
0.608 0.000365309
0.611 0.000312878
0.615 0.000267285
0.618 0.000223403
0.622 0.000175531
0.626 0.000136207
0.629 0.000112841
0.633 8.43E-05
0.636 4.96E-05
0.64 3.48E-05
0.643 1.71E-05
0.647 1.37E-05
0.65 3.42E-06
0.654 1.71E-06
0.657 2.01E-31
0.661 2.01E-31
0.664 2.01E-31
0.668 2.01E-31
0.671 2.01E-31
0.675 2.01E-31
0.678 2.01E-31
0.682 2.01E-31
0.685 2.01E-31
0.689 2.01E-31
0.693 2.01E-31
0.696 2.01E-31
0.7 2.01E-31
0.703 2.01E-31
0.707 2.01E-31
0.71 2.01E-31
0.714 2.01E-31
0.717 2.01E-31
0.721 2.01E-31
0.724 2.01E-31
0.728 2.01E-31
0.731 2.01E-31
0.735 2.01E-31
0.738 2.01E-31
0.742 2.01E-31
0.745 2.01E-31
0.749 2.01E-31
0.752 2.01E-31
0.756 2.01E-31
0.759 2.01E-31
0.763 2.01E-31
0.767 2.01E-31
0.77 2.01E-31
0.774 2.01E-31
0.777 2.01E-31
0.781 2.01E-31
0.784 2.01E-31
0.788 2.01E-31
0.791 2.01E-31
0.795 2.01E-31
0.798 2.01E-31
0.802 2.01E-31
0.805 2.01E-31
0.809 2.01E-31
0.812 2.01E-31
0.816 2.01E-31
0.819 2.01E-31
0.823 2.01E-31
0.826 2.01E-31
0.83 2.01E-31
0.833 2.01E-31
0.837 2.01E-31
0.841 2.01E-31
0.844 2.01E-31
0.848 2.01E-31
0.851 2.01E-31
0.855 2.01E-31
0.858 2.01E-31
0.862 2.01E-31
0.865 2.01E-31
0.869 2.01E-31
0.872 2.01E-31
0.876 2.01E-31
0.879 2.01E-31
0.883 2.01E-31
0.886 2.01E-31
0.89 2.01E-31
0.893 2.01E-31
0.897 2.01E-31
0.9 2.01E-31
0.904 2.01E-31
0.907 2.01E-31
0.911 2.01E-31
0.915 2.01E-31
0.918 2.01E-31
0.922 2.01E-31
0.925 2.01E-31
0.929 2.01E-31
0.932 2.01E-31
0.936 2.01E-31
0.939 2.01E-31
0.943 2.01E-31
0.946 2.01E-31
0.95 2.01E-31
0.953 2.01E-31
0.957 2.01E-31
0.96 2.01E-31
0.964 2.01E-31
0.967 2.01E-31
0.971 2.01E-31
0.974 2.01E-31
0.978 2.01E-31
0.981 2.01E-31
0.985 2.01E-31
0.989 2.01E-31
0.992 2.01E-31
0.996 2.01E-31
0.999 2.01E-31
1 2.01E-31
1.01 2.01E-31
1.01 2.01E-31
1.01 2.01E-31
1.02 2.01E-31
1.02 2.01E-31
1.02 2.01E-31
1.03 2.01E-31
1.03 2.01E-31
1.03 2.01E-31
1.04 2.01E-31
1.04 2.01E-31
1.04 2.01E-31
1.05 2.01E-31
1.05 2.01E-31
1.06 2.01E-31
1.06 2.01E-31
1.06 2.01E-31
1.07 2.01E-31
1.07 2.01E-31
1.07 2.01E-31
1.08 2.01E-31
1.08 2.01E-31
1.08 2.01E-31
1.09 2.01E-31
1.09 2.01E-31
1.09 2.01E-31
1.1 2.01E-31
1.1 2.01E-31
1.1 2.01E-31
1.11 2.01E-31
1.11 2.01E-31
1.12 2.01E-31
1.12 2.01E-31
1.12 2.01E-31
1.13 2.01E-31
1.13 2.01E-31
1.13 2.01E-31
1.14 2.01E-31
1.14 2.01E-31
1.14 2.01E-31
1.15 2.01E-31
1.15 2.01E-31
1.15 2.01E-31
1.16 2.01E-31
1.16 2.01E-31
1.16 2.01E-31
1.17 2.01E-31
1.17 2.01E-31
1.18 2.01E-31
1.18 2.01E-31
1.18 2.01E-31
1.19 2.01E-31
1.19 2.01E-31
1.19 2.01E-31
1.2 2.01E-31
1.2 2.01E-31
1.2 2.01E-31
1.21 2.01E-31
1.21 2.01E-31
1.21 2.01E-31
1.22 2.01E-31
1.22 2.01E-31
1.22 2.01E-31
1.23 2.01E-31
1.23 2.01E-31
1.24 2.01E-31
1.24 2.01E-31
1.24 2.01E-31
1.25 2.01E-31
1.25 2.01E-31
1.25 2.01E-31
1.26 2.01E-31
1.26 2.01E-31
1.26 2.01E-31
1.27 2.01E-31
1.27 2.01E-31
1.27 2.01E-31
1.28 2.01E-31
1.28 2.01E-31
1.28 2.01E-31
1.29 2.01E-31
1.29 2.01E-31
1.3 2.01E-31
1.3 2.01E-31
1.3 2.01E-31
1.31 2.01E-31
1.31 2.01E-31
1.31 2.01E-31
1.32 2.01E-31
1.32 2.01E-31
1.32 2.01E-31
1.33 2.01E-31
1.33 2.01E-31
1.33 2.01E-31
1.34 2.01E-31
1.34 2.01E-31
1.34 2.01E-31
1.35 2.01E-31
1.35 2.01E-31
1.36 2.01E-31
1.36 2.01E-31
1.36 2.01E-31
1.37 2.01E-31
1.37 2.01E-31
1.37 2.01E-31
1.38 2.01E-31
1.38 2.01E-31
1.38 2.01E-31
1.39 2.01E-31
1.39 2.01E-31
1.39 2.01E-31
1.4 2.01E-31
1.4 2.01E-31
1.4 2.01E-31
1.41 2.01E-31
