3	0
0.00173 0.000105204
0.0052 0.000573509
0.00867 0.0011179
0.0121 0.00159457
0.0156 0.00204326
0.0191 0.00244818
0.0225 0.00282904
0.026 0.00318481
0.0295 0.00353748
0.0329 0.00381273
0.0364 0.00414506
0.0399 0.00442474
0.0433 0.00461368
0.0468 0.00488427
0.0503 0.00517686
0.0537 0.00539099
0.0572 0.00561905
0.0607 0.00578413
0.0641 0.00600156
0.0676 0.00614672
0.0711 0.00636105
0.0745 0.006541
0.078 0.00674521
0.0815 0.0068977
0.0849 0.00706433
0.0884 0.00719101
0.0919 0.00731655
0.0953 0.00746419
0.0988 0.00757476
0.102 0.00771806
0.106 0.00783535
0.109 0.00793208
0.113 0.00809118
0.116 0.00817191
0.12 0.00824708
0.123 0.00831924
0.127 0.00848918
0.13 0.00852046
0.133 0.00863309
0.137 0.00873345
0.14 0.0087734
0.144 0.00883989
0.147 0.00890287
0.151 0.00896915
0.154 0.0089963
0.158 0.00908241
0.161 0.00916139
0.165 0.00915633
0.168 0.00919711
0.172 0.00922188
0.175 0.00922705
0.179 0.00932802
0.182 0.00923469
0.185 0.00930241
0.189 0.00939616
0.192 0.00933298
0.196 0.00940328
0.199 0.00936808
0.203 0.00944148
0.206 0.00940184
0.21 0.00936508
0.213 0.00940627
0.217 0.00932988
0.22 0.00933566
0.224 0.00931614
0.227 0.00928043
0.231 0.00927062
0.234 0.00921208
0.237 0.00920402
0.241 0.00921301
0.244 0.00919453
0.248 0.00920939
0.251 0.00908013
0.255 0.00904317
0.258 0.00903006
0.262 0.00901416
0.265 0.00893539
0.269 0.00884154
0.272 0.00882058
0.276 0.00882223
0.279 0.00867119
0.283 0.00872715
0.286 0.00855143
0.289 0.00854359
0.293 0.00849496
0.296 0.00844943
0.3 0.00837231
0.303 0.00822839
0.307 0.00816479
0.31 0.00810883
0.314 0.00801395
0.317 0.00794912
0.321 0.00788594
0.324 0.00774408
0.328 0.00768575
0.331 0.00759232
0.335 0.00752428
0.338 0.00747162
0.341 0.00730788
0.345 0.00720443
0.348 0.00713175
0.352 0.00705422
0.355 0.00689409
0.359 0.00681304
0.362 0.0067479
0.366 0.00664125
0.369 0.00657022
0.373 0.0064263
0.376 0.00632574
0.38 0.00619359
0.383 0.00613856
0.386 0.00601921
0.39 0.00586539
0.393 0.00576504
0.397 0.00568543
0.4 0.00556134
0.404 0.0054614
0.407 0.00533379
0.411 0.00521899
0.414 0.0050889
0.418 0.00502675
0.421 0.00489171
0.425 0.00478971
0.428 0.00468646
0.432 0.00451766
0.435 0.00442165
0.438 0.00430612
0.442 0.0042448
0.445 0.00409726
0.449 0.004006
0.452 0.00383668
0.456 0.00376761
0.459 0.00359468
0.463 0.00350713
0.466 0.00341886
0.47 0.00329683
0.473 0.00319782
0.477 0.0030668
0.48 0.00299505
0.484 0.00287292
0.487 0.00276689
0.49 0.00265033
0.494 0.0025477
0.497 0.0024234
0.501 0.00234638
0.504 0.00222487
0.508 0.00213814
0.511 0.00203975
0.515 0.00194332
0.518 0.00183172
0.522 0.00176121
0.525 0.00162276
0.529 0.00154574
0.532 0.00147915
0.536 0.00138158
0.539 0.0012928
0.542 0.00119988
0.546 0.00112523
0.549 0.0010605
0.553 0.000978941
0.556 0.000905949
0.56 0.000833679
0.563 0.000767604
0.567 0.000700291
0.57 0.00062895
0.574 0.000566799
0.577 0.00052003
0.581 0.000448587
0.584 0.000410593
0.588 0.00034648
0.591 0.000293311
0.594 0.000247987
0.598 0.000210614
0.601 0.000167459
0.605 0.000140409
0.608 0.000113876
0.612 8.37E-05
0.615 5.95E-05
0.619 4.21E-05
0.622 2.40E-05
0.626 1.12E-05
0.629 4.23E-06
0.633 2.17E-06
0.636 3.58E-32
0.64 3.58E-32
0.643 3.58E-32
0.646 3.58E-32
0.65 3.58E-32
0.653 3.58E-32
0.657 3.58E-32
0.66 3.58E-32
0.664 3.58E-32
0.667 3.58E-32
0.671 3.58E-32
0.674 3.58E-32
0.678 3.58E-32
0.681 3.58E-32
0.685 3.58E-32
0.688 3.58E-32
0.692 3.58E-32
0.695 3.58E-32
0.698 3.58E-32
0.702 3.58E-32
0.705 3.58E-32
0.709 3.58E-32
0.712 3.58E-32
0.716 3.58E-32
0.719 3.58E-32
0.723 3.58E-32
0.726 3.58E-32
0.73 3.58E-32
0.733 3.58E-32
0.737 3.58E-32
0.74 3.58E-32
0.744 3.58E-32
0.747 3.58E-32
0.75 3.58E-32
0.754 3.58E-32
0.757 3.58E-32
0.761 3.58E-32
0.764 3.58E-32
0.768 3.58E-32
0.771 3.58E-32
0.775 3.58E-32
0.778 3.58E-32
0.782 3.58E-32
0.785 3.58E-32
0.789 3.58E-32
0.792 3.58E-32
0.796 3.58E-32
0.799 3.58E-32
0.802 3.58E-32
0.806 3.58E-32
0.809 3.58E-32
0.813 3.58E-32
0.816 3.58E-32
0.82 3.58E-32
0.823 3.58E-32
0.827 3.58E-32
0.83 3.58E-32
0.834 3.58E-32
0.837 3.58E-32
0.841 3.58E-32
0.844 3.58E-32
0.848 3.58E-32
0.851 3.58E-32
0.854 3.58E-32
0.858 3.58E-32
0.861 3.58E-32
0.865 3.58E-32
0.868 3.58E-32
0.872 3.58E-32
0.875 3.58E-32
0.879 3.58E-32
0.882 3.58E-32
0.886 3.58E-32
0.889 3.58E-32
0.893 3.58E-32
0.896 3.58E-32
0.9 3.58E-32
0.903 3.58E-32
0.906 3.58E-32
0.91 3.58E-32
0.913 3.58E-32
0.917 3.58E-32
0.92 3.58E-32
0.924 3.58E-32
0.927 3.58E-32
0.931 3.58E-32
0.934 3.58E-32
0.938 3.58E-32
0.941 3.58E-32
0.945 3.58E-32
0.948 3.58E-32
0.952 3.58E-32
0.955 3.58E-32
0.958 3.58E-32
0.962 3.58E-32
0.965 3.58E-32
0.969 3.58E-32
0.972 3.58E-32
0.976 3.58E-32
0.979 3.58E-32
0.983 3.58E-32
0.986 3.58E-32
0.99 3.58E-32
0.993 3.58E-32
0.997 3.58E-32
1 3.58E-32
1 3.58E-32
1.01 3.58E-32
1.01 3.58E-32
1.01 3.58E-32
1.02 3.58E-32
1.02 3.58E-32
1.02 3.58E-32
1.03 3.58E-32
1.03 3.58E-32
1.03 3.58E-32
1.04 3.58E-32
1.04 3.58E-32
1.05 3.58E-32
1.05 3.58E-32
1.05 3.58E-32
1.06 3.58E-32
1.06 3.58E-32
1.06 3.58E-32
1.07 3.58E-32
1.07 3.58E-32
1.07 3.58E-32
1.08 3.58E-32
1.08 3.58E-32
1.08 3.58E-32
1.09 3.58E-32
1.09 3.58E-32
1.09 3.58E-32
1.1 3.58E-32
1.1 3.58E-32
1.1 3.58E-32
1.11 3.58E-32
1.11 3.58E-32
1.11 3.58E-32
1.12 3.58E-32
1.12 3.58E-32
1.12 3.58E-32
1.13 3.58E-32
1.13 3.58E-32
1.14 3.58E-32
1.14 3.58E-32
1.14 3.58E-32
1.15 3.58E-32
1.15 3.58E-32
1.15 3.58E-32
1.16 3.58E-32
1.16 3.58E-32
1.16 3.58E-32
1.17 3.58E-32
1.17 3.58E-32
1.17 3.58E-32
1.18 3.58E-32
1.18 3.58E-32
1.18 3.58E-32
1.19 3.58E-32
1.19 3.58E-32
1.19 3.58E-32
1.2 3.58E-32
1.2 3.58E-32
1.2 3.58E-32
1.21 3.58E-32
1.21 3.58E-32
1.21 3.58E-32
1.22 3.58E-32
1.22 3.58E-32
1.23 3.58E-32
1.23 3.58E-32
1.23 3.58E-32
1.24 3.58E-32
1.24 3.58E-32
1.24 3.58E-32
1.25 3.58E-32
1.25 3.58E-32
1.25 3.58E-32
1.26 3.58E-32
1.26 3.58E-32
1.26 3.58E-32
1.27 3.58E-32
1.27 3.58E-32
1.27 3.58E-32
1.28 3.58E-32
1.28 3.58E-32
1.28 3.58E-32
1.29 3.58E-32
1.29 3.58E-32
1.29 3.58E-32
1.3 3.58E-32
1.3 3.58E-32
1.31 3.58E-32
1.31 3.58E-32
1.31 3.58E-32
1.32 3.58E-32
1.32 3.58E-32
1.32 3.58E-32
1.33 3.58E-32
1.33 3.58E-32
1.33 3.58E-32
1.34 3.58E-32
1.34 3.58E-32
1.34 3.58E-32
1.35 3.58E-32
1.35 3.58E-32
1.35 3.58E-32
1.36 3.58E-32
1.36 3.58E-32
1.36 3.58E-32
1.37 3.58E-32
1.37 3.58E-32
1.37 3.58E-32
1.38 3.58E-32
1.38 3.58E-32
1.38 3.58E-32
