3	0
0.00365 6.75E-07
0.0109 1.74E-05
0.0182 6.71E-05
0.0255 0.000146717
0.0328 0.000247191
0.0401 0.000356328
0.0474 0.000468953
0.0547 0.000589004
0.062 0.000709956
0.0693 0.000850371
0.0766 0.00095062
0.0839 0.00108147
0.0912 0.0012103
0.0985 0.00131235
0.106 0.00147122
0.113 0.00156978
0.12 0.00168927
0.128 0.00180999
0.135 0.00192104
0.142 0.00204694
0.15 0.00213245
0.157 0.00225746
0.164 0.00235849
0.171 0.00249778
0.179 0.00258903
0.186 0.00268928
0.193 0.00278818
0.201 0.0028792
0.208 0.00294468
0.215 0.00311717
0.222 0.00316341
0.23 0.0032865
0.237 0.00339496
0.244 0.00346134
0.252 0.0035464
0.259 0.00362764
0.266 0.00372271
0.274 0.00379596
0.281 0.0038881
0.288 0.00400872
0.295 0.00406992
0.303 0.00415926
0.31 0.00424072
0.317 0.00437045
0.325 0.0044078
0.332 0.0044797
0.339 0.00456453
0.346 0.00463811
0.354 0.00467682
0.361 0.00475535
0.368 0.00481093
0.376 0.00489228
0.383 0.0049923
0.39 0.00497498
0.398 0.00510572
0.405 0.00516074
0.412 0.00518065
0.419 0.00524816
0.427 0.00531634
0.434 0.00536247
0.441 0.00545844
0.449 0.00552426
0.456 0.00558772
0.463 0.00561045
0.47 0.00570046
0.478 0.00572071
0.485 0.00575548
0.492 0.00578439
0.5 0.00585753
0.507 0.00589601
0.514 0.00595868
0.521 0.00603001
0.529 0.00598275
0.536 0.00604385
0.543 0.00604295
0.551 0.00611563
0.558 0.00618865
0.565 0.0061972
0.573 0.00618696
0.58 0.00620823
0.587 0.00628271
0.594 0.00628271
0.602 0.00630375
0.609 0.0063581
0.616 0.00634009
0.624 0.00642639
0.631 0.00643989
0.638 0.00645632
0.645 0.00644957
0.653 0.00648456
0.66 0.00651674
0.667 0.00654284
0.675 0.00653148
0.682 0.00657007
0.689 0.00650121
0.697 0.00655747
0.704 0.00657356
0.711 0.00659989
0.718 0.00666627
0.726 0.00660911
0.733 0.00659505
0.74 0.00662993
0.748 0.00664849
0.755 0.0065973
0.762 0.00659606
0.769 0.00659145
0.777 0.00660585
0.784 0.00663083
0.791 0.00662183
0.799 0.0065793
0.806 0.00656422
0.813 0.00658087
0.821 0.00654678
0.828 0.00654926
0.835 0.00648861
0.842 0.00653227
0.85 0.00657232
0.857 0.00654982
0.864 0.00649761
0.872 0.00649469
0.879 0.00648085
0.886 0.00646611
0.893 0.00643753
0.901 0.00635427
0.908 0.00641345
0.915 0.0063536
0.923 0.00640254
0.93 0.00632794
0.937 0.00630431
0.945 0.00624986
0.952 0.00628429
0.959 0.0062682
0.966 0.00622758
0.974 0.00618426
0.981 0.00612249
0.988 0.00611642
0.996 0.0060965
1 0.00603687
1.01 0.00600559
1.02 0.00593674
1.02 0.00591221
1.03 0.00587463
1.04 0.00587564
1.05 0.0058096
1.05 0.00581578
1.06 0.00572949
1.07 0.00565883
1.08 0.00562305
1.08 0.00563711
1.09 0.00555824
1.1 0.00545102
1.1 0.00546654
1.11 0.00538554
1.12 0.00536832
1.13 0.00531769
1.13 0.00521609
1.14 0.00519179
1.15 0.00512597
1.16 0.00511146
1.16 0.0050435
1.17 0.00501706
1.18 0.00494494
1.19 0.00492997
1.19 0.00486629
1.2 0.0047675
1.21 0.00469223
1.21 0.00465522
1.22 0.00460177
1.23 0.00450839
1.24 0.00447463
1.24 0.00441433
1.25 0.00437326
1.26 0.00430699
1.27 0.00426142
1.27 0.00420235
1.28 0.00412596
1.29 0.00404945
1.29 0.00401412
1.3 0.00391016
1.31 0.0038989
1.32 0.00378302
1.32 0.00373666
1.33 0.00369211
1.34 0.00358432
1.35 0.00356305
1.35 0.00349363
1.36 0.00343366
1.37 0.00334118
1.37 0.00330315
1.38 0.00323159
1.39 0.00316273
1.4 0.00308071
1.4 0.00300274
1.41 0.0029619
1.42 0.00289979
1.43 0.00282688
1.43 0.00276523
1.44 0.00266194
1.45 0.00261885
1.46 0.00258296
1.46 0.00249126
1.47 0.00243466
1.48 0.00238606
1.48 0.00229144
1.49 0.0022228
1.5 0.00220165
1.51 0.00211682
1.51 0.00204571
1.52 0.00198911
1.53 0.00192982
1.54 0.00189303
1.54 0.00181821
1.55 0.00175317
1.56 0.00166474
1.56 0.00164257
1.57 0.0015655
1.58 0.00150092
1.59 0.00142475
1.59 0.0013991
1.6 0.00134689
1.61 0.00128816
1.62 0.00123989
1.62 0.0011725
1.63 0.00113323
1.64 0.00108766
1.64 0.00100935
1.65 0.000963221
1.66 0.000915516
1.67 0.000884238
1.67 0.000833607
1.68 0.00079074
1.69 0.000715806
1.7 0.000665063
1.7 0.000633897
1.71 0.000580116
1.72 0.000543099
1.72 0.00052926
1.73 0.000470753
1.74 0.000443975
1.75 0.000403246
1.75 0.000366004
1.76 0.000327975
1.77 0.000308172
1.78 0.000275319
1.78 0.000244265
1.79 0.000210849
1.8 0.000189697
1.81 0.000161456
1.81 0.000135015
1.82 0.000116113
1.83 9.41E-05
1.83 8.13E-05
1.84 5.96E-05
1.85 4.91E-05
1.86 3.59E-05
1.86 2.43E-05
1.87 1.44E-05
1.88 9.00E-06
1.89 3.71E-06
1.89 6.75E-07
1.9 8.21E-32
1.91 8.21E-32
1.91 8.21E-32
1.92 8.21E-32
1.93 8.21E-32
1.94 8.21E-32
1.94 8.21E-32
1.95 8.21E-32
1.96 8.21E-32
1.97 8.21E-32
1.97 8.21E-32
1.98 8.21E-32
1.99 8.21E-32
1.99 8.21E-32
2 8.21E-32
2.01 8.21E-32
2.02 8.21E-32
2.02 8.21E-32
2.03 8.21E-32
2.04 8.21E-32
2.05 8.21E-32
2.05 8.21E-32
2.06 8.21E-32
2.07 8.21E-32
2.08 8.21E-32
2.08 8.21E-32
2.09 8.21E-32
2.1 8.21E-32
2.1 8.21E-32
2.11 8.21E-32
2.12 8.21E-32
2.13 8.21E-32
2.13 8.21E-32
2.14 8.21E-32
2.15 8.21E-32
2.16 8.21E-32
2.16 8.21E-32
2.17 8.21E-32
2.18 8.21E-32
2.18 8.21E-32
2.19 8.21E-32
2.2 8.21E-32
2.21 8.21E-32
2.21 8.21E-32
2.22 8.21E-32
2.23 8.21E-32
2.24 8.21E-32
2.24 8.21E-32
2.25 8.21E-32
2.26 8.21E-32
2.26 8.21E-32
2.27 8.21E-32
2.28 8.21E-32
2.29 8.21E-32
2.29 8.21E-32
2.3 8.21E-32
2.31 8.21E-32
2.32 8.21E-32
2.32 8.21E-32
2.33 8.21E-32
2.34 8.21E-32
2.34 8.21E-32
2.35 8.21E-32
2.36 8.21E-32
2.37 8.21E-32
2.37 8.21E-32
2.38 8.21E-32
2.39 8.21E-32
2.4 8.21E-32
2.4 8.21E-32
2.41 8.21E-32
2.42 8.21E-32
2.43 8.21E-32
2.43 8.21E-32
2.44 8.21E-32
2.45 8.21E-32
2.45 8.21E-32
2.46 8.21E-32
2.47 8.21E-32
2.48 8.21E-32
2.48 8.21E-32
2.49 8.21E-32
2.5 8.21E-32
2.51 8.21E-32
2.51 8.21E-32
2.52 8.21E-32
2.53 8.21E-32
2.53 8.21E-32
2.54 8.21E-32
2.55 8.21E-32
2.56 8.21E-32
2.56 8.21E-32
2.57 8.21E-32
2.58 8.21E-32
2.59 8.21E-32
2.59 8.21E-32
2.6 8.21E-32
2.61 8.21E-32
2.61 8.21E-32
2.62 8.21E-32
2.63 8.21E-32
2.64 8.21E-32
2.64 8.21E-32
2.65 8.21E-32
2.66 8.21E-32
2.67 8.21E-32
2.67 8.21E-32
2.68 8.21E-32
2.69 8.21E-32
2.69 8.21E-32
2.7 8.21E-32
2.71 8.21E-32
2.72 8.21E-32
2.72 8.21E-32
2.73 8.21E-32
2.74 8.21E-32
2.75 8.21E-32
2.75 8.21E-32
2.76 8.21E-32
2.77 8.21E-32
2.78 8.21E-32
2.78 8.21E-32
2.79 8.21E-32
2.8 8.21E-32
2.8 8.21E-32
2.81 8.21E-32
2.82 8.21E-32
2.83 8.21E-32
2.83 8.21E-32
2.84 8.21E-32
2.85 8.21E-32
2.86 8.21E-32
2.86 8.21E-32
2.87 8.21E-32
2.88 8.21E-32
2.88 8.21E-32
2.89 8.21E-32
2.9 8.21E-32
2.91 8.21E-32
2.91 8.21E-32
