3	0
0.00401 4.53E-07
0.012 4.53E-07
0.02 1.09E-05
0.0281 4.48E-05
0.0361 9.64E-05
0.0441 0.000176138
0.0521 0.000273489
0.0601 0.000383972
0.0681 0.000505321
0.0761 0.000651122
0.0842 0.000791942
0.0922 0.000950421
0.1 0.00114875
0.108 0.00125832
0.116 0.00143084
0.124 0.00161196
0.132 0.00179489
0.14 0.00190763
0.148 0.00212135
0.156 0.00221236
0.164 0.00241929
0.172 0.00259317
0.18 0.00273127
0.188 0.00289881
0.196 0.00306951
0.204 0.00323931
0.212 0.00340775
0.22 0.00352412
0.228 0.00368622
0.236 0.00399276
0.244 0.00398959
0.252 0.00412634
0.26 0.00426127
0.269 0.00438262
0.277 0.0045497
0.285 0.00464343
0.293 0.00481232
0.301 0.00483496
0.309 0.00494545
0.317 0.00520082
0.325 0.00530768
0.333 0.00535477
0.341 0.00542451
0.349 0.00555854
0.357 0.00571022
0.365 0.00577271
0.373 0.00591126
0.381 0.00595881
0.389 0.00606702
0.397 0.00611864
0.405 0.00623411
0.413 0.00627848
0.421 0.00634233
0.429 0.00651303
0.437 0.00661129
0.445 0.00665521
0.453 0.00670411
0.461 0.00673128
0.469 0.00688025
0.477 0.00693322
0.485 0.00693051
0.493 0.00698303
0.501 0.00707042
0.509 0.00706001
0.517 0.00716823
0.525 0.00714695
0.533 0.00734708
0.541 0.00730769
0.549 0.00726965
0.557 0.00727599
0.565 0.00739191
0.573 0.00733893
0.581 0.00737561
0.589 0.00743402
0.597 0.00743356
0.605 0.00750828
0.613 0.00740911
0.621 0.00747975
0.629 0.00748247
0.637 0.00741138
0.645 0.00741908
0.653 0.00748473
0.661 0.00743719
0.669 0.00762057
0.677 0.00746481
0.685 0.00749198
0.693 0.00757348
0.701 0.00745258
0.709 0.00754631
0.717 0.00753726
0.725 0.00744851
0.733 0.00739145
0.741 0.00744851
0.749 0.00741908
0.757 0.00737651
0.765 0.00738421
0.773 0.00734074
0.781 0.00732127
0.789 0.00724022
0.797 0.00726829
0.806 0.00733984
0.814 0.0072375
0.822 0.00722347
0.83 0.00715645
0.838 0.00714876
0.846 0.00715238
0.854 0.00696945
0.862 0.00700794
0.87 0.00694409
0.878 0.0068884
0.886 0.00684402
0.894 0.0068404
0.902 0.00678108
0.91 0.00670954
0.918 0.0066226
0.926 0.00660404
0.934 0.0065642
0.942 0.00648405
0.95 0.00645643
0.958 0.00641613
0.966 0.00627305
0.974 0.006355
0.982 0.00627214
0.99 0.00624995
0.998 0.0061852
1.01 0.00605525
1.01 0.00596198
1.02 0.00596152
1.03 0.00592213
1.04 0.00578086
1.05 0.00573965
1.05 0.0056586
1.06 0.00557574
1.07 0.00563098
1.08 0.00546073
1.09 0.00538738
1.09 0.00537696
1.1 0.00533938
1.11 0.00523116
1.12 0.00520671
1.13 0.00502242
1.13 0.00504416
1.14 0.00489971
1.15 0.00480236
1.16 0.00472946
1.17 0.0046706
1.17 0.0046226
1.18 0.00457642
1.19 0.00448495
1.2 0.0043799
1.21 0.00432104
1.21 0.00424044
1.22 0.00422641
1.23 0.00408876
1.24 0.00410098
1.25 0.00395473
1.25 0.00387956
1.26 0.00380576
1.27 0.00365407
1.28 0.0036346
1.29 0.00356668
1.29 0.00360019
1.3 0.00340684
1.31 0.00342133
1.32 0.00330361
1.33 0.00320399
1.33 0.00323433
1.34 0.00314467
1.35 0.00304778
1.36 0.00305638
1.37 0.00288749
1.37 0.00285443
1.38 0.00283451
1.39 0.00273625
1.4 0.00270501
1.41 0.00259317
1.41 0.00254427
1.42 0.0025171
1.43 0.00245506
1.44 0.00240661
1.45 0.00234458
1.45 0.00234322
1.46 0.00219289
1.47 0.0022101
1.48 0.00218565
1.49 0.00216844
1.49 0.00208558
1.5 0.00197917
1.51 0.00203442
1.52 0.00192484
1.53 0.00194521
1.53 0.00194159
1.54 0.00189677
1.55 0.0018859
1.56 0.0018773
1.57 0.00178628
1.57 0.00179579
1.58 0.00182205
1.59 0.00180575
1.6 0.00171474
1.61 0.00166131
1.62 0.00161241
1.62 0.00167127
1.63 0.00161196
1.64 0.00160199
1.65 0.00160109
1.66 0.00154811
1.66 0.00151279
1.67 0.00142676
1.68 0.00142631
1.69 0.00138873
1.7 0.00142088
1.7 0.00129953
1.71 0.00126194
1.72 0.00127508
1.73 0.00121621
1.74 0.00126466
1.74 0.00120399
1.75 0.00114241
1.76 0.0011492
1.77 0.00105004
1.78 0.00104098
1.78 0.00100521
1.79 0.000951326
1.8 0.000948156
1.81 0.000927781
1.82 0.000893821
1.82 0.000891557
1.83 0.000821373
1.84 0.000770207
1.85 0.000747115
1.86 0.000704099
1.86 0.000679648
1.87 0.000662894
1.88 0.00061354
1.89 0.000608106
1.9 0.000547884
1.9 0.000534753
1.91 0.000492643
1.92 0.000486756
1.93 0.000441024
1.94 0.000416573
1.94 0.000372652
1.95 0.000366765
1.96 0.000341862
1.97 0.000304732
1.98 0.000261717
1.98 0.000278017
1.99 0.000244057
2 0.000252661
2.01 0.00019108
2.02 0.000177949
2.02 0.000161648
2.03 0.000130858
2.04 0.000102332
2.05 8.74E-05
2.06 7.92E-05
2.06 6.38E-05
2.07 5.98E-05
2.08 4.53E-05
2.09 3.71E-05
2.1 2.35E-05
2.1 2.13E-05
2.11 6.79E-06
2.12 2.72E-06
2.13 2.26E-06
2.14 3.63E-31
2.14 3.63E-31
2.15 3.63E-31
2.16 3.63E-31
2.17 3.63E-31
2.18 3.63E-31
2.18 3.63E-31
2.19 3.63E-31
2.2 3.63E-31
2.21 3.63E-31
2.22 3.63E-31
2.22 3.63E-31
2.23 3.63E-31
2.24 3.63E-31
2.25 3.63E-31
2.26 3.63E-31
2.26 3.63E-31
2.27 3.63E-31
2.28 3.63E-31
2.29 3.63E-31
2.3 3.63E-31
2.3 3.63E-31
2.31 3.63E-31
2.32 3.63E-31
2.33 3.63E-31
2.34 3.63E-31
2.34 3.63E-31
2.35 3.63E-31
2.36 3.63E-31
2.37 3.63E-31
2.38 3.63E-31
2.38 3.63E-31
2.39 3.63E-31
2.4 3.63E-31
2.41 3.63E-31
2.42 3.63E-31
2.42 3.63E-31
2.43 3.63E-31
2.44 3.63E-31
2.45 3.63E-31
2.46 3.63E-31
2.46 3.63E-31
2.47 3.63E-31
2.48 3.63E-31
2.49 3.63E-31
2.5 3.63E-31
2.5 3.63E-31
2.51 3.63E-31
2.52 3.63E-31
2.53 3.63E-31
2.54 3.63E-31
2.54 3.63E-31
2.55 3.63E-31
2.56 3.63E-31
2.57 3.63E-31
2.58 3.63E-31
2.58 3.63E-31
2.59 3.63E-31
2.6 3.63E-31
2.61 3.63E-31
2.62 3.63E-31
2.62 3.63E-31
2.63 3.63E-31
2.64 3.63E-31
2.65 3.63E-31
2.66 3.63E-31
2.67 3.63E-31
2.67 3.63E-31
2.68 3.63E-31
2.69 3.63E-31
2.7 3.63E-31
2.71 3.63E-31
2.71 3.63E-31
2.72 3.63E-31
2.73 3.63E-31
2.74 3.63E-31
2.75 3.63E-31
2.75 3.63E-31
2.76 3.63E-31
2.77 3.63E-31
2.78 3.63E-31
2.79 3.63E-31
2.79 3.63E-31
2.8 3.63E-31
2.81 3.63E-31
2.82 3.63E-31
2.83 3.63E-31
2.83 3.63E-31
2.84 3.63E-31
2.85 3.63E-31
2.86 3.63E-31
2.87 3.63E-31
2.87 3.63E-31
2.88 3.63E-31
2.89 3.63E-31
2.9 3.63E-31
2.91 3.63E-31
2.91 3.63E-31
2.92 3.63E-31
2.93 3.63E-31
2.94 3.63E-31
2.95 3.63E-31
2.95 3.63E-31
2.96 3.63E-31
2.97 3.63E-31
2.98 3.63E-31
2.99 3.63E-31
2.99 3.63E-31
3 3.63E-31
3.01 3.63E-31
3.02 3.63E-31
3.03 3.63E-31
3.03 3.63E-31
3.04 3.63E-31
3.05 3.63E-31
3.06 3.63E-31
3.07 3.63E-31
3.07 3.63E-31
3.08 3.63E-31
3.09 3.63E-31
3.1 3.63E-31
3.11 3.63E-31
3.11 3.63E-31
3.12 3.63E-31
3.13 3.63E-31
3.14 3.63E-31
3.15 3.63E-31
3.15 3.63E-31
3.16 3.63E-31
3.17 3.63E-31
3.18 3.63E-31
3.19 3.63E-31
3.19 3.63E-31
3.2 3.63E-31
