3	0
0.00259 0.000153479
0.00776 0.000505718
0.0129 0.000820289
0.0181 0.00111112
0.0233 0.00135055
0.0285 0.00158868
0.0336 0.00177923
0.0388 0.0019826
0.044 0.00215992
0.0492 0.00231009
0.0543 0.00248782
0.0595 0.00265252
0.0647 0.00280089
0.0699 0.0029716
0.075 0.00306256
0.0802 0.00325791
0.0854 0.00334006
0.0905 0.0034704
0.0957 0.00364552
0.101 0.00372436
0.106 0.00383647
0.111 0.00399656
0.116 0.00409564
0.122 0.00419772
0.127 0.0042983
0.132 0.00440219
0.137 0.00447603
0.142 0.00458122
0.147 0.00469022
0.153 0.00480683
0.158 0.00489839
0.163 0.00499437
0.168 0.00505488
0.173 0.00514524
0.179 0.0052329
0.184 0.00532898
0.189 0.0053966
0.194 0.00546823
0.199 0.00554347
0.204 0.00564305
0.21 0.00575074
0.215 0.00579061
0.22 0.00586726
0.225 0.00588558
0.23 0.0059993
0.235 0.00603025
0.241 0.00611881
0.246 0.00620397
0.251 0.00626087
0.256 0.00628161
0.261 0.00634301
0.266 0.00638289
0.272 0.00644701
0.277 0.0064997
0.282 0.00654869
0.287 0.00659968
0.292 0.00661992
0.298 0.00668494
0.303 0.00670497
0.308 0.00678542
0.313 0.00680826
0.318 0.00689412
0.323 0.0068843
0.329 0.00692086
0.334 0.00698769
0.339 0.00698689
0.344 0.0069917
0.349 0.00708777
0.354 0.00707955
0.36 0.00706282
0.365 0.00707464
0.37 0.00712674
0.375 0.00712895
0.38 0.0071076
0.385 0.00719276
0.391 0.00717954
0.396 0.00719787
0.401 0.00725597
0.406 0.0071625
0.411 0.00726369
0.417 0.00723434
0.422 0.00722682
0.427 0.0072165
0.432 0.00727651
0.437 0.00719847
0.442 0.00721189
0.448 0.00724155
0.453 0.00725106
0.458 0.00725257
0.463 0.00722702
0.468 0.00721901
0.473 0.0072158
0.479 0.00720668
0.484 0.00716922
0.489 0.00713696
0.494 0.00713886
0.499 0.00713105
0.504 0.00713566
0.51 0.00707695
0.515 0.00707014
0.52 0.00704769
0.525 0.00702736
0.53 0.00703527
0.536 0.00699069
0.541 0.0069407
0.546 0.00693739
0.551 0.00689402
0.556 0.00686226
0.561 0.00681548
0.567 0.00679163
0.572 0.00673573
0.577 0.00673543
0.582 0.00664847
0.587 0.0065548
0.592 0.00655019
0.598 0.00658075
0.603 0.00650912
0.608 0.00645331
0.613 0.00644861
0.618 0.00633931
0.623 0.00635684
0.629 0.00632188
0.634 0.0062212
0.639 0.00618613
0.644 0.00612162
0.649 0.00607893
0.655 0.00604508
0.66 0.006006
0.665 0.00590482
0.67 0.00587447
0.675 0.00582057
0.68 0.00575765
0.686 0.00567891
0.691 0.00562712
0.696 0.00553755
0.701 0.00549237
0.706 0.0054543
0.711 0.00542215
0.717 0.00533338
0.722 0.00526125
0.727 0.00522509
0.732 0.0051249
0.737 0.00504897
0.742 0.00500178
0.748 0.0049596
0.753 0.00486073
0.758 0.00477838
0.763 0.00471997
0.768 0.0046264
0.774 0.00459705
0.779 0.00452732
0.784 0.00441111
0.789 0.00435701
0.794 0.00434499
0.799 0.00425202
0.805 0.00412679
0.81 0.0040733
0.815 0.00398624
0.82 0.00393224
0.825 0.00383266
0.83 0.00381082
0.836 0.00369341
0.841 0.00362598
0.846 0.0035251
0.851 0.00348192
0.856 0.00336922
0.861 0.00331572
0.867 0.00326312
0.872 0.00314671
0.877 0.00311946
0.882 0.00301377
0.887 0.00296699
0.893 0.00288263
0.898 0.00281501
0.903 0.00272375
0.908 0.00267265
0.913 0.00260683
0.918 0.00249964
0.924 0.00245376
0.929 0.00236289
0.934 0.00231631
0.939 0.00221813
0.944 0.00212897
0.949 0.0020942
0.955 0.0019815
0.96 0.00193892
0.965 0.00185998
0.97 0.00179867
0.975 0.00170309
0.98 0.0016547
0.986 0.00157706
0.991 0.00157376
0.996 0.00147949
1 0.00139784
1.01 0.00135556
1.01 0.00126029
1.02 0.00120599
1.02 0.00117513
1.03 0.00109809
1.03 0.00103308
1.04 0.000973367
1.04 0.000940107
1.05 0.000884005
1.05 0.000819789
1.06 0.000756073
1.06 0.000718304
1.07 0.000656993
1.07 0.000626337
1.08 0.00057284
1.08 0.000542886
1.09 0.000489789
1.09 0.0004408
1.1 0.000408542
1.1 0.000379188
1.11 0.000340017
1.12 0.000288023
1.12 0.000259171
1.13 0.000224808
1.13 0.000204471
1.14 0.000169007
1.14 0.00014296
1.15 0.000123424
1.15 9.69E-05
1.16 7.64E-05
1.16 5.91E-05
1.17 4.38E-05
1.17 3.41E-05
1.18 2.14E-05
1.18 1.27E-05
1.19 6.31E-06
1.19 1.60E-06
1.2 5.01E-07
1.2 5.18E-32
1.21 5.18E-32
1.21 5.18E-32
1.22 5.18E-32
1.22 5.18E-32
1.23 5.18E-32
1.23 5.18E-32
1.24 5.18E-32
1.24 5.18E-32
1.25 5.18E-32
1.25 5.18E-32
1.26 5.18E-32
1.27 5.18E-32
1.27 5.18E-32
1.28 5.18E-32
1.28 5.18E-32
1.29 5.18E-32
1.29 5.18E-32
1.3 5.18E-32
1.3 5.18E-32
1.31 5.18E-32
1.31 5.18E-32
1.32 5.18E-32
1.32 5.18E-32
1.33 5.18E-32
1.33 5.18E-32
1.34 5.18E-32
1.34 5.18E-32
1.35 5.18E-32
1.35 5.18E-32
1.36 5.18E-32
1.36 5.18E-32
1.37 5.18E-32
1.37 5.18E-32
1.38 5.18E-32
1.38 5.18E-32
1.39 5.18E-32
1.39 5.18E-32
1.4 5.18E-32
1.4 5.18E-32
1.41 5.18E-32
1.42 5.18E-32
1.42 5.18E-32
1.43 5.18E-32
1.43 5.18E-32
1.44 5.18E-32
1.44 5.18E-32
1.45 5.18E-32
1.45 5.18E-32
1.46 5.18E-32
1.46 5.18E-32
1.47 5.18E-32
1.47 5.18E-32
1.48 5.18E-32
1.48 5.18E-32
1.49 5.18E-32
1.49 5.18E-32
1.5 5.18E-32
1.5 5.18E-32
1.51 5.18E-32
1.51 5.18E-32
1.52 5.18E-32
1.52 5.18E-32
1.53 5.18E-32
1.53 5.18E-32
1.54 5.18E-32
1.54 5.18E-32
1.55 5.18E-32
1.55 5.18E-32
1.56 5.18E-32
1.57 5.18E-32
1.57 5.18E-32
1.58 5.18E-32
1.58 5.18E-32
1.59 5.18E-32
1.59 5.18E-32
1.6 5.18E-32
1.6 5.18E-32
1.61 5.18E-32
1.61 5.18E-32
1.62 5.18E-32
1.62 5.18E-32
1.63 5.18E-32
1.63 5.18E-32
1.64 5.18E-32
1.64 5.18E-32
1.65 5.18E-32
1.65 5.18E-32
1.66 5.18E-32
1.66 5.18E-32
1.67 5.18E-32
1.67 5.18E-32
1.68 5.18E-32
1.68 5.18E-32
1.69 5.18E-32
1.69 5.18E-32
1.7 5.18E-32
1.7 5.18E-32
1.71 5.18E-32
1.72 5.18E-32
1.72 5.18E-32
1.73 5.18E-32
1.73 5.18E-32
1.74 5.18E-32
1.74 5.18E-32
1.75 5.18E-32
1.75 5.18E-32
1.76 5.18E-32
1.76 5.18E-32
1.77 5.18E-32
1.77 5.18E-32
1.78 5.18E-32
1.78 5.18E-32
1.79 5.18E-32
1.79 5.18E-32
1.8 5.18E-32
1.8 5.18E-32
1.81 5.18E-32
1.81 5.18E-32
1.82 5.18E-32
1.82 5.18E-32
1.83 5.18E-32
1.83 5.18E-32
1.84 5.18E-32
1.84 5.18E-32
1.85 5.18E-32
1.85 5.18E-32
1.86 5.18E-32
1.87 5.18E-32
1.87 5.18E-32
1.88 5.18E-32
1.88 5.18E-32
1.89 5.18E-32
1.89 5.18E-32
1.9 5.18E-32
1.9 5.18E-32
1.91 5.18E-32
1.91 5.18E-32
1.92 5.18E-32
1.92 5.18E-32
1.93 5.18E-32
1.93 5.18E-32
1.94 5.18E-32
1.94 5.18E-32
1.95 5.18E-32
1.95 5.18E-32
1.96 5.18E-32
1.96 5.18E-32
1.97 5.18E-32
1.97 5.18E-32
1.98 5.18E-32
1.98 5.18E-32
1.99 5.18E-32
1.99 5.18E-32
2 5.18E-32
2 5.18E-32
2.01 5.18E-32
2.02 5.18E-32
2.02 5.18E-32
2.03 5.18E-32
2.03 5.18E-32
2.04 5.18E-32
2.04 5.18E-32
2.05 5.18E-32
2.05 5.18E-32
2.06 5.18E-32
2.06 5.18E-32
2.07 5.18E-32
