3	0
0.0034 9.91E-05
0.0102 0.000362316
0.017 0.000572758
0.0238 0.00075797
0.0306 0.000920257
0.0374 0.00108775
0.0442 0.00123852
0.051 0.00137888
0.0578 0.00151023
0.0646 0.00162647
0.0714 0.00175952
0.0782 0.00188306
0.085 0.00197206
0.0918 0.00211963
0.0986 0.00221354
0.105 0.0023491
0.112 0.00245972
0.119 0.00254793
0.126 0.0026156
0.133 0.00271181
0.139 0.00284196
0.146 0.00292486
0.153 0.00301626
0.16 0.00310807
0.167 0.00318896
0.173 0.00327316
0.18 0.0033931
0.187 0.00345136
0.194 0.00352425
0.201 0.00363668
0.207 0.00372538
0.214 0.00380887
0.221 0.00387875
0.228 0.00397817
0.235 0.00401781
0.241 0.00410772
0.248 0.00419692
0.255 0.00421704
0.262 0.00430244
0.268 0.00436892
0.275 0.00447354
0.282 0.00453311
0.289 0.00460279
0.296 0.00467667
0.302 0.00476007
0.309 0.00477959
0.316 0.00488521
0.323 0.00491054
0.33 0.00500905
0.336 0.00506662
0.343 0.00509415
0.35 0.00517644
0.357 0.00521379
0.364 0.00529548
0.37 0.00532512
0.377 0.00543344
0.384 0.00548169
0.391 0.00549841
0.398 0.00555388
0.404 0.0055758
0.411 0.00564989
0.418 0.00570415
0.425 0.00572357
0.432 0.00580977
0.438 0.00579045
0.445 0.00588806
0.452 0.00590558
0.459 0.00598257
0.466 0.00600319
0.472 0.00602222
0.479 0.00606807
0.486 0.00608659
0.493 0.00613154
0.5 0.00619081
0.506 0.006185
0.513 0.00625128
0.52 0.00625578
0.527 0.00628712
0.534 0.00631966
0.54 0.00630654
0.547 0.00636951
0.554 0.00640956
0.561 0.00642227
0.568 0.00643379
0.574 0.00646933
0.581 0.00647534
0.588 0.00652609
0.595 0.00650046
0.602 0.00645852
0.608 0.00651748
0.615 0.00649456
0.622 0.00657515
0.629 0.00655783
0.636 0.00654872
0.642 0.00652209
0.649 0.00657805
0.656 0.00659047
0.663 0.00657795
0.67 0.0066161
0.676 0.00657165
0.683 0.00660559
0.69 0.0066206
0.697 0.00661219
0.704 0.00660859
0.71 0.00654041
0.717 0.00655333
0.724 0.00656143
0.731 0.00660108
0.737 0.00657505
0.744 0.00655663
0.751 0.0065271
0.758 0.00650767
0.765 0.006532
0.771 0.00647624
0.778 0.00651038
0.785 0.00648525
0.792 0.00646733
0.799 0.0064454
0.805 0.00639614
0.812 0.00634689
0.819 0.00637752
0.826 0.00638623
0.833 0.00633437
0.839 0.00628772
0.846 0.00626539
0.853 0.00626499
0.86 0.00620933
0.867 0.00620583
0.873 0.00613605
0.88 0.00610801
0.887 0.00611072
0.894 0.00601871
0.901 0.0060127
0.907 0.00598477
0.914 0.00592761
0.921 0.0059187
0.928 0.00587745
0.935 0.00585833
0.941 0.00581278
0.948 0.00575581
0.955 0.00569224
0.962 0.00564028
0.969 0.00558832
0.975 0.00558842
0.982 0.0055699
0.989 0.0054823
0.996 0.00542563
1 0.00537377
1.01 0.00532201
1.02 0.00526705
1.02 0.00526915
1.03 0.00516413
1.04 0.00515332
1.04 0.00510807
1.05 0.00506572
1.06 0.00497091
1.06 0.00489272
1.07 0.0048768
1.08 0.00483766
1.08 0.00474615
1.09 0.00469559
1.1 0.00462962
1.1 0.00462221
1.11 0.00454292
1.12 0.00450447
1.12 0.00442538
1.13 0.00434669
1.14 0.0042692
1.15 0.00424798
1.15 0.00413335
1.16 0.00410692
1.17 0.00406507
1.17 0.00396856
1.18 0.00390849
1.19 0.00386844
1.19 0.00379946
1.2 0.00376983
1.21 0.00370265
1.21 0.00361725
1.22 0.00354167
1.23 0.00349982
1.23 0.00341662
1.24 0.00334674
1.25 0.00328667
1.25 0.0032209
1.26 0.00315703
1.27 0.00309505
1.27 0.00300735
1.28 0.00297211
1.29 0.00288051
1.29 0.00281784
1.3 0.00276077
1.31 0.0026972
1.32 0.00264644
1.32 0.00256875
1.33 0.00250097
1.34 0.0024347
1.34 0.00239395
1.35 0.00231115
1.36 0.00225889
1.36 0.0021813
1.37 0.00212284
1.38 0.00205206
1.38 0.00198598
1.39 0.00193742
1.4 0.00185653
1.4 0.00180117
1.41 0.00172959
1.42 0.00167182
1.42 0.00162717
1.43 0.00159223
1.44 0.00151114
1.44 0.00145938
1.45 0.0013969
1.46 0.00136076
1.46 0.00127987
1.47 0.00123171
1.48 0.00118076
1.49 0.00113701
1.49 0.00107854
1.5 0.00102978
1.51 0.000973518
1.51 0.000928767
1.52 0.00086259
1.53 0.000817739
1.53 0.000779595
1.54 0.00074015
1.55 0.000680882
1.55 0.000637132
1.56 0.00060069
1.57 0.000550632
1.57 0.000511187
1.58 0.000473844
1.59 0.000431395
1.59 0.000403563
1.6 0.000366321
1.61 0.000335185
1.61 0.000294939
1.62 0.000270511
1.63 0.000234469
1.63 0.000204335
1.64 0.000184011
1.65 0.000161285
1.66 0.000135856
1.66 0.000108925
1.67 9.53E-05
1.68 8.07E-05
1.68 6.03E-05
1.69 4.52E-05
1.7 3.67E-05
1.7 2.31E-05
1.71 1.33E-05
1.72 7.71E-06
1.72 3.30E-06
1.73 5.01E-07
1.74 2.00E-07
1.74 6.80E-32
1.75 6.80E-32
1.76 6.80E-32
1.76 6.80E-32
1.77 6.80E-32
1.78 6.80E-32
1.78 6.80E-32
1.79 6.80E-32
1.8 6.80E-32
1.8 6.80E-32
1.81 6.80E-32
1.82 6.80E-32
1.83 6.80E-32
1.83 6.80E-32
1.84 6.80E-32
1.85 6.80E-32
1.85 6.80E-32
1.86 6.80E-32
1.87 6.80E-32
1.87 6.80E-32
1.88 6.80E-32
1.89 6.80E-32
1.89 6.80E-32
1.9 6.80E-32
1.91 6.80E-32
1.91 6.80E-32
1.92 6.80E-32
1.93 6.80E-32
1.93 6.80E-32
1.94 6.80E-32
1.95 6.80E-32
1.95 6.80E-32
1.96 6.80E-32
1.97 6.80E-32
1.97 6.80E-32
1.98 6.80E-32
1.99 6.80E-32
1.99 6.80E-32
2 6.80E-32
2.01 6.80E-32
2.02 6.80E-32
2.02 6.80E-32
2.03 6.80E-32
2.04 6.80E-32
2.04 6.80E-32
2.05 6.80E-32
2.06 6.80E-32
2.06 6.80E-32
2.07 6.80E-32
2.08 6.80E-32
2.08 6.80E-32
2.09 6.80E-32
2.1 6.80E-32
2.1 6.80E-32
2.11 6.80E-32
2.12 6.80E-32
2.12 6.80E-32
2.13 6.80E-32
2.14 6.80E-32
2.14 6.80E-32
2.15 6.80E-32
2.16 6.80E-32
2.16 6.80E-32
2.17 6.80E-32
2.18 6.80E-32
2.19 6.80E-32
2.19 6.80E-32
2.2 6.80E-32
2.21 6.80E-32
2.21 6.80E-32
2.22 6.80E-32
2.23 6.80E-32
2.23 6.80E-32
2.24 6.80E-32
2.25 6.80E-32
2.25 6.80E-32
2.26 6.80E-32
2.27 6.80E-32
2.27 6.80E-32
2.28 6.80E-32
2.29 6.80E-32
2.29 6.80E-32
2.3 6.80E-32
2.31 6.80E-32
2.31 6.80E-32
2.32 6.80E-32
2.33 6.80E-32
2.33 6.80E-32
2.34 6.80E-32
2.35 6.80E-32
2.36 6.80E-32
2.36 6.80E-32
2.37 6.80E-32
2.38 6.80E-32
2.38 6.80E-32
2.39 6.80E-32
2.4 6.80E-32
2.4 6.80E-32
2.41 6.80E-32
2.42 6.80E-32
2.42 6.80E-32
2.43 6.80E-32
2.44 6.80E-32
2.44 6.80E-32
2.45 6.80E-32
2.46 6.80E-32
2.46 6.80E-32
2.47 6.80E-32
2.48 6.80E-32
2.48 6.80E-32
2.49 6.80E-32
2.5 6.80E-32
2.5 6.80E-32
2.51 6.80E-32
2.52 6.80E-32
2.53 6.80E-32
2.53 6.80E-32
2.54 6.80E-32
2.55 6.80E-32
2.55 6.80E-32
2.56 6.80E-32
2.57 6.80E-32
2.57 6.80E-32
2.58 6.80E-32
2.59 6.80E-32
2.59 6.80E-32
2.6 6.80E-32
2.61 6.80E-32
2.61 6.80E-32
2.62 6.80E-32
2.63 6.80E-32
2.63 6.80E-32
2.64 6.80E-32
2.65 6.80E-32
2.65 6.80E-32
2.66 6.80E-32
2.67 6.80E-32
2.67 6.80E-32
2.68 6.80E-32
2.69 6.80E-32
2.7 6.80E-32
2.7 6.80E-32
2.71 6.80E-32
2.72 6.80E-32
