3	0
0.00589 4.19E-07
0.0177 1.14E-05
0.0294 5.21E-05
0.0412 0.000115551
0.053 0.000180294
0.0648 0.000254779
0.0765 0.00034414
0.0883 0.000430463
0.1 0.000522234
0.112 0.000617147
0.124 0.000689432
0.135 0.000805926
0.147 0.000861974
0.159 0.000941906
0.171 0.00106322
0.183 0.00113163
0.194 0.00120444
0.206 0.00129757
0.218 0.00140055
0.23 0.00148247
0.241 0.0015667
0.253 0.00166937
0.265 0.00173694
0.277 0.00181195
0.289 0.00190969
0.3 0.00199905
0.312 0.00207165
0.324 0.00214729
0.336 0.00225048
0.347 0.0022839
0.359 0.00238866
0.371 0.00247205
0.383 0.00255345
0.395 0.00264689
0.406 0.00272379
0.418 0.00279261
0.43 0.00285076
0.442 0.00294703
0.453 0.00303357
0.465 0.00309485
0.477 0.00317688
0.489 0.00322559
0.5 0.00326058
0.512 0.00339237
0.524 0.00349388
0.536 0.00355601
0.548 0.00362358
0.559 0.00367585
0.571 0.00373421
0.583 0.0038529
0.595 0.00391649
0.606 0.00393514
0.618 0.00402031
0.63 0.00407279
0.642 0.00415472
0.654 0.00420165
0.665 0.00427435
0.677 0.0042819
0.689 0.00442238
0.701 0.0044493
0.712 0.00447382
0.724 0.00455092
0.736 0.00459188
0.748 0.00468229
0.76 0.00475898
0.771 0.00483566
0.783 0.00482403
0.795 0.00487568
0.807 0.00499427
0.818 0.00495174
0.83 0.00503827
0.842 0.0051094
0.854 0.00514471
0.866 0.00517163
0.877 0.00522024
0.889 0.00525617
0.901 0.0052986
0.913 0.00538241
0.924 0.00537414
0.936 0.00542201
0.948 0.00545993
0.96 0.0055779
0.972 0.00555673
0.983 0.00559497
0.995 0.00561551
1.01 0.00563101
1.02 0.00568968
1.03 0.00577799
1.04 0.00578029
1.05 0.00580135
1.07 0.00586316
1.08 0.00584818
1.09 0.00590098
1.1 0.00586012
1.11 0.00593953
1.12 0.00596939
1.14 0.00595158
1.15 0.00599348
1.16 0.0060224
1.17 0.00607216
1.18 0.0060202
1.2 0.0060796
1.21 0.00609803
1.22 0.0061192
1.23 0.00609919
1.24 0.00614926
1.25 0.00616047
1.27 0.00616623
1.28 0.0061588
1.29 0.00623108
1.3 0.00617807
1.31 0.00623967
1.32 0.0061962
1.34 0.00621725
1.35 0.00620133
1.36 0.00624302
1.37 0.00621778
1.38 0.00623349
1.4 0.00615471
1.41 0.00620667
1.42 0.006258
1.43 0.0062205
1.44 0.00626743
1.45 0.00623747
1.47 0.00616896
1.48 0.00620238
1.49 0.00617671
1.5 0.00617419
1.51 0.00614842
1.53 0.00613805
1.54 0.0061743
1.55 0.00615125
1.56 0.00611448
1.57 0.00608661
1.58 0.00604523
1.6 0.0060401
1.61 0.00603664
1.62 0.00603989
1.63 0.00603696
1.64 0.00598646
1.65 0.00595902
1.67 0.00594665
1.68 0.00588945
1.69 0.00585509
1.7 0.00583917
1.71 0.00586274
1.73 0.00579685
1.74 0.00575107
1.75 0.00571377
1.76 0.00570172
1.77 0.00568842
1.78 0.0056089
1.8 0.00559969
1.81 0.00559193
1.82 0.00553924
1.83 0.0055317
1.84 0.0054394
1.85 0.00542756
1.87 0.00534512
1.88 0.00536031
1.89 0.0052809
1.9 0.00521448
1.91 0.00526424
1.93 0.00520065
1.94 0.00515791
1.95 0.00513549
1.96 0.00505598
1.97 0.00499658
1.98 0.00494137
2 0.00493299
2.01 0.00483273
2.02 0.00482603
2.03 0.00480361
2.04 0.00472556
2.05 0.00466585
2.07 0.00465254
2.08 0.00457523
2.09 0.0045196
2.1 0.00452222
2.11 0.00448105
2.13 0.00436193
2.14 0.00434077
2.15 0.00427896
2.16 0.00423612
2.17 0.00418206
2.18 0.00412119
2.2 0.00404943
2.21 0.00397998
2.22 0.00395253
2.23 0.00386945
2.24 0.00385573
2.26 0.00375589
2.27 0.00376637
2.28 0.00369314
2.29 0.00365082
2.3 0.00356366
2.31 0.0035229
2.33 0.00345879
2.34 0.00340369
2.35 0.00333936
2.36 0.00326425
2.37 0.0032302
2.38 0.00319752
2.4 0.00314943
2.41 0.0030893
2.42 0.00300182
2.43 0.00296065
2.44 0.0028584
2.46 0.0028694
2.47 0.00276999
2.48 0.00275071
2.49 0.00268639
2.5 0.00264825
2.51 0.00260059
2.53 0.00254087
2.54 0.00243056
2.55 0.00241139
2.56 0.00236823
2.57 0.00234151
2.58 0.00227405
2.6 0.00220522
2.61 0.00216321
2.62 0.00210884
2.63 0.00207416
2.64 0.0020111
2.66 0.00197014
2.67 0.00191807
2.68 0.00188675
2.69 0.00182242
2.7 0.00178502
2.71 0.0017206
2.73 0.00168613
2.74 0.0016591
2.75 0.00160012
2.76 0.00153003
2.77 0.00148509
2.79 0.00143103
2.8 0.00139144
2.81 0.00134901
2.82 0.00129432
2.83 0.00123325
2.84 0.00122277
2.86 0.001186
2.87 0.00111853
2.88 0.00107977
2.89 0.00104007
2.9 0.000994915
2.91 0.000972287
2.93 0.00089864
2.94 0.000867735
2.95 0.000842383
2.96 0.000796498
2.97 0.000752708
2.99 0.000710175
3 0.000685556
3.01 0.000646376
3.02 0.000612433
3.03 0.000563719
3.04 0.000535853
3.06 0.00051291
3.07 0.00046671
3.08 0.000427844
3.09 0.000399349
3.1 0.000366873
3.11 0.000353673
3.13 0.000326435
3.14 0.000287988
3.15 0.000264731
3.16 0.000247131
3.17 0.000219055
3.19 0.000196532
3.2 0.000167932
3.21 0.000152008
3.22 0.000131894
3.23 0.000115342
3.24 9.58E-05
3.26 8.07E-05
3.27 6.70E-05
3.28 5.55E-05
3.29 4.45E-05
3.3 3.92E-05
3.32 2.17E-05
3.33 1.59E-05
3.34 9.32E-06
3.35 4.71E-06
3.36 1.68E-06
3.37 6.29E-07
3.39 1.23E-31
3.4 1.23E-31
3.41 1.23E-31
3.42 1.23E-31
3.43 1.23E-31
3.44 1.23E-31
3.46 1.23E-31
3.47 1.23E-31
3.48 1.23E-31
3.49 1.23E-31
3.5 1.23E-31
3.52 1.23E-31
3.53 1.23E-31
3.54 1.23E-31
3.55 1.23E-31
3.56 1.23E-31
3.57 1.23E-31
3.59 1.23E-31
3.6 1.23E-31
3.61 1.23E-31
3.62 1.23E-31
3.63 1.23E-31
3.64 1.23E-31
3.66 1.23E-31
3.67 1.23E-31
3.68 1.23E-31
3.69 1.23E-31
3.7 1.23E-31
3.72 1.23E-31
3.73 1.23E-31
3.74 1.23E-31
3.75 1.23E-31
3.76 1.23E-31
3.77 1.23E-31
3.79 1.23E-31
3.8 1.23E-31
3.81 1.23E-31
3.82 1.23E-31
3.83 1.23E-31
3.84 1.23E-31
3.86 1.23E-31
3.87 1.23E-31
3.88 1.23E-31
3.89 1.23E-31
3.9 1.23E-31
3.92 1.23E-31
3.93 1.23E-31
3.94 1.23E-31
3.95 1.23E-31
3.96 1.23E-31
3.97 1.23E-31
3.99 1.23E-31
4 1.23E-31
4.01 1.23E-31
4.02 1.23E-31
4.03 1.23E-31
4.05 1.23E-31
4.06 1.23E-31
4.07 1.23E-31
4.08 1.23E-31
4.09 1.23E-31
4.1 1.23E-31
4.12 1.23E-31
4.13 1.23E-31
4.14 1.23E-31
4.15 1.23E-31
4.16 1.23E-31
4.17 1.23E-31
4.19 1.23E-31
4.2 1.23E-31
4.21 1.23E-31
4.22 1.23E-31
4.23 1.23E-31
4.25 1.23E-31
4.26 1.23E-31
4.27 1.23E-31
4.28 1.23E-31
4.29 1.23E-31
4.3 1.23E-31
4.32 1.23E-31
4.33 1.23E-31
4.34 1.23E-31
4.35 1.23E-31
4.36 1.23E-31
4.37 1.23E-31
4.39 1.23E-31
4.4 1.23E-31
4.41 1.23E-31
4.42 1.23E-31
4.43 1.23E-31
4.45 1.23E-31
4.46 1.23E-31
4.47 1.23E-31
4.48 1.23E-31
4.49 1.23E-31
4.5 1.23E-31
4.52 1.23E-31
4.53 1.23E-31
4.54 1.23E-31
4.55 1.23E-31
4.56 1.23E-31
4.58 1.23E-31
4.59 1.23E-31
4.6 1.23E-31
4.61 1.23E-31
4.62 1.23E-31
4.63 1.23E-31
4.65 1.23E-31
4.66 1.23E-31
4.67 1.23E-31
4.68 1.23E-31
4.69 1.23E-31
4.7 1.23E-31
