 #------------------------------------
 # Tkin (MeV)   f_electron f_positron 
 #------------------------------------
   0.000         0.87134E+02         0.56731E-26
   0.001         0.26298E+02         0.81034E-07
   0.002         0.18947E+02         0.11988E-04
   0.003         0.15377E+02         0.10232E-03
   0.004         0.13176E+02         0.35300E-03
   0.005         0.11685E+02         0.82615E-03
   0.006         0.10610E+02         0.15750E-02
   0.007         0.97966E+01         0.26441E-02
   0.008         0.91577E+01         0.40647E-02
   0.009         0.86403E+01         0.58526E-02
   0.010         0.82110E+01         0.80094E-02
   0.011         0.78477E+01         0.10524E-01
   0.012         0.75352E+01         0.13377E-01
   0.013         0.72627E+01         0.16543E-01
   0.014         0.70223E+01         0.19991E-01
   0.015         0.68083E+01         0.23693E-01
   0.016         0.66160E+01         0.27616E-01
   0.017         0.64422E+01         0.31731E-01
   0.018         0.62839E+01         0.36011E-01
   0.019         0.61391E+01         0.40428E-01
   0.020         0.60059E+01         0.44960E-01
   0.021         0.58828E+01         0.49584E-01
   0.022         0.57687E+01         0.54281E-01
   0.023         0.56624E+01         0.59034E-01
   0.024         0.55632E+01         0.63828E-01
   0.025         0.54704E+01         0.68647E-01
   0.026         0.53831E+01         0.73482E-01
   0.027         0.53010E+01         0.78321E-01
   0.028         0.52236E+01         0.83155E-01
   0.029         0.51504E+01         0.87976E-01
   0.030         0.50810E+01         0.92777E-01
   0.031         0.50152E+01         0.97552E-01
   0.032         0.49526E+01         0.10230E+00
   0.033         0.48931E+01         0.10700E+00
   0.034         0.48363E+01         0.11167E+00
   0.035         0.47821E+01         0.11630E+00
   0.036         0.47303E+01         0.12088E+00
   0.037         0.46807E+01         0.12542E+00
   0.038         0.46332E+01         0.12990E+00
   0.039         0.45877E+01         0.13434E+00
   0.040         0.45439E+01         0.13872E+00
   0.041         0.45019E+01         0.14305E+00
   0.042         0.44614E+01         0.14733E+00
   0.043         0.44224E+01         0.15156E+00
   0.044         0.43849E+01         0.15573E+00
   0.045         0.43487E+01         0.15984E+00
   0.046         0.43137E+01         0.16390E+00
   0.047         0.42800E+01         0.16791E+00
   0.048         0.42473E+01         0.17187E+00
   0.049         0.42158E+01         0.17577E+00
   0.050         0.41852E+01         0.17961E+00
   0.051         0.41556E+01         0.18341E+00
   0.052         0.41269E+01         0.18715E+00
   0.053         0.40991E+01         0.19084E+00
   0.054         0.40722E+01         0.19448E+00
   0.055         0.40460E+01         0.19807E+00
   0.056         0.40206E+01         0.20161E+00
   0.057         0.39958E+01         0.20510E+00
   0.058         0.39718E+01         0.20854E+00
   0.059         0.39485E+01         0.21193E+00
   0.060         0.39257E+01         0.21528E+00
   0.061         0.39036E+01         0.21858E+00
   0.062         0.38821E+01         0.22183E+00
   0.063         0.38611E+01         0.22504E+00
   0.064         0.38406E+01         0.22821E+00
   0.065         0.38207E+01         0.23133E+00
   0.066         0.38012E+01         0.23441E+00
   0.067         0.37822E+01         0.23745E+00
   0.068         0.37637E+01         0.24044E+00
   0.069         0.37456E+01         0.24340E+00
   0.070         0.37279E+01         0.24631E+00
   0.071         0.37107E+01         0.24919E+00
   0.072         0.36938E+01         0.25202E+00
   0.073         0.36773E+01         0.25482E+00
   0.074         0.36612E+01         0.25758E+00
   0.075         0.36454E+01         0.26031E+00
   0.076         0.36300E+01         0.26300E+00
   0.077         0.36149E+01         0.26565E+00
   0.078         0.36001E+01         0.26827E+00
   0.079         0.35856E+01         0.27086E+00
   0.080         0.35715E+01         0.27341E+00
   0.081         0.35576E+01         0.27593E+00
   0.082         0.35440E+01         0.27842E+00
   0.083         0.35306E+01         0.28087E+00
   0.084         0.35175E+01         0.28329E+00
   0.085         0.35047E+01         0.28569E+00
   0.086         0.34921E+01         0.28805E+00
   0.087         0.34798E+01         0.29038E+00
   0.088         0.34677E+01         0.29269E+00
   0.089         0.34558E+01         0.29496E+00
   0.090         0.34442E+01         0.29721E+00
   0.091         0.34327E+01         0.29943E+00
   0.092         0.34215E+01         0.30162E+00
   0.093         0.34104E+01         0.30379E+00
   0.094         0.33996E+01         0.30593E+00
   0.095         0.33889E+01         0.30804E+00
   0.096         0.33784E+01         0.31013E+00
   0.097         0.33681E+01         0.31219E+00
   0.098         0.33580E+01         0.31423E+00
   0.099         0.33481E+01         0.31625E+00
   0.100         0.33383E+01         0.31824E+00
   0.101         0.33287E+01         0.32021E+00
   0.102         0.33192E+01         0.32215E+00
   0.103         0.33099E+01         0.32408E+00
   0.104         0.33007E+01         0.32598E+00
   0.105         0.32917E+01         0.32786E+00
   0.106         0.32829E+01         0.32971E+00
   0.107         0.32741E+01         0.33155E+00
   0.108         0.32655E+01         0.33337E+00
   0.109         0.32571E+01         0.33516E+00
   0.110         0.32487E+01         0.33694E+00
   0.111         0.32405E+01         0.33869E+00
   0.112         0.32324E+01         0.34043E+00
   0.113         0.32245E+01         0.34215E+00
   0.114         0.32166E+01         0.34384E+00
   0.115         0.32089E+01         0.34552E+00
   0.116         0.32013E+01         0.34718E+00
   0.117         0.31937E+01         0.34883E+00
   0.118         0.31863E+01         0.35045E+00
   0.119         0.31790E+01         0.35206E+00
   0.120         0.31718E+01         0.35365E+00
   0.121         0.31647E+01         0.35523E+00
   0.122         0.31577E+01         0.35679E+00
   0.123         0.31508E+01         0.35833E+00
   0.124         0.31440E+01         0.35985E+00
   0.125         0.31373E+01         0.36136E+00
   0.126         0.31307E+01         0.36286E+00
   0.127         0.31241E+01         0.36433E+00
   0.128         0.31177E+01         0.36580E+00
   0.129         0.31113E+01         0.36725E+00
   0.130         0.31050E+01         0.36868E+00
   0.131         0.30988E+01         0.37010E+00
   0.132         0.30927E+01         0.37150E+00
   0.133         0.30867E+01         0.37289E+00
   0.134         0.30807E+01         0.37427E+00
   0.135         0.30748E+01         0.37563E+00
   0.136         0.30690E+01         0.37698E+00
   0.137         0.30632E+01         0.37832E+00
   0.138         0.30576E+01         0.37964E+00
   0.139         0.30520E+01         0.38095E+00
   0.140         0.30464E+01         0.38225E+00
   0.141         0.30409E+01         0.38354E+00
   0.142         0.30355E+01         0.38481E+00
   0.143         0.30302E+01         0.38607E+00
   0.144         0.30249E+01         0.38732E+00
   0.145         0.30197E+01         0.38855E+00
   0.146         0.30145E+01         0.38978E+00
   0.147         0.30094E+01         0.39099E+00
   0.148         0.30044E+01         0.39219E+00
   0.149         0.29994E+01         0.39338E+00
   0.150         0.29945E+01         0.39456E+00
   0.151         0.29896E+01         0.39573E+00
   0.152         0.29848E+01         0.39689E+00
   0.153         0.29801E+01         0.39803E+00
   0.154         0.29754E+01         0.39917E+00
   0.155         0.29707E+01         0.40030E+00
   0.156         0.29661E+01         0.40141E+00
   0.157         0.29615E+01         0.40252E+00
   0.158         0.29570E+01         0.40361E+00
   0.159         0.29526E+01         0.40470E+00
   0.160         0.29482E+01         0.40578E+00
   0.161         0.29438E+01         0.40684E+00
   0.162         0.29395E+01         0.40790E+00
   0.163         0.29352E+01         0.40895E+00
   0.164         0.29310E+01         0.40998E+00
   0.165         0.29268E+01         0.41101E+00
   0.166         0.29227E+01         0.41203E+00
   0.167         0.29186E+01         0.41305E+00
   0.168         0.29145E+01         0.41405E+00
   0.169         0.29105E+01         0.41504E+00
   0.170         0.29066E+01         0.41603E+00
   0.171         0.29026E+01         0.41700E+00
   0.172         0.28987E+01         0.41797E+00
   0.173         0.28949E+01         0.41893E+00
   0.174         0.28911E+01         0.41988E+00
   0.175         0.28873E+01         0.42083E+00
   0.176         0.28836E+01         0.42176E+00
   0.177         0.28799E+01         0.42269E+00
   0.178         0.28762E+01         0.42361E+00
   0.179         0.28726E+01         0.42452E+00
   0.180         0.28690E+01         0.42543E+00
   0.181         0.28654E+01         0.42633E+00
   0.182         0.28619E+01         0.42722E+00
   0.183         0.28584E+01         0.42810E+00
   0.184         0.28549E+01         0.42898E+00
   0.185         0.28515E+01         0.42984E+00
   0.186         0.28481E+01         0.43071E+00
   0.187         0.28447E+01         0.43156E+00
   0.188         0.28414E+01         0.43241E+00
   0.189         0.28381E+01         0.43325E+00
   0.190         0.28348E+01         0.43408E+00
   0.191         0.28316E+01         0.43491E+00
   0.192         0.28283E+01         0.43573E+00
   0.193         0.28251E+01         0.43654E+00
   0.194         0.28220E+01         0.43735E+00
   0.195         0.28189E+01         0.43815E+00
   0.196         0.28158E+01         0.43895E+00
   0.197         0.28127E+01         0.43974E+00
   0.198         0.28096E+01         0.44052E+00
   0.199         0.28066E+01         0.44130E+00
   0.200         0.28036E+01         0.44207E+00
   0.201         0.28006E+01         0.44283E+00
   0.202         0.27977E+01         0.44359E+00
   0.203         0.27948E+01         0.44434E+00
   0.204         0.27919E+01         0.44509E+00
   0.205         0.27890E+01         0.44583E+00
   0.206         0.27862E+01         0.44656E+00
   0.207         0.27833E+01         0.44729E+00
   0.208         0.27806E+01         0.44802E+00
   0.209         0.27778E+01         0.44874E+00
   0.210         0.27750E+01         0.44945E+00
   0.211         0.27723E+01         0.45016E+00
   0.212         0.27696E+01         0.45086E+00
   0.213         0.27669E+01         0.45156E+00
   0.214         0.27642E+01         0.45225E+00
   0.215         0.27616E+01         0.45294E+00
   0.216         0.27590E+01         0.45362E+00
   0.217         0.27564E+01         0.45430E+00
   0.218         0.27538E+01         0.45497E+00
   0.219         0.27512E+01         0.45564E+00
   0.220         0.27487E+01         0.45630E+00
   0.221         0.27462E+01         0.45696E+00
   0.222         0.27437E+01         0.45761E+00
   0.223         0.27412E+01         0.45826E+00
   0.224         0.27388E+01         0.45890E+00
   0.225         0.27363E+01         0.45954E+00
   0.226         0.27339E+01         0.46018E+00
   0.227         0.27315E+01         0.46081E+00
   0.228         0.27291E+01         0.46143E+00
   0.229         0.27268E+01         0.46205E+00
   0.230         0.27244E+01         0.46267E+00
   0.231         0.27221E+01         0.46328E+00
   0.232         0.27198E+01         0.46389E+00
   0.233         0.27175E+01         0.46449E+00
   0.234         0.27152E+01         0.46509E+00
   0.235         0.27129E+01         0.46569E+00
   0.236         0.27107E+01         0.46628E+00
   0.237         0.27085E+01         0.46687E+00
   0.238         0.27063E+01         0.46745E+00
   0.239         0.27041E+01         0.46803E+00
   0.240         0.27019E+01         0.46860E+00
   0.241         0.26997E+01         0.46917E+00
   0.242         0.26976E+01         0.46974E+00
   0.243         0.26955E+01         0.47030E+00
   0.244         0.26933E+01         0.47086E+00
   0.245         0.26912E+01         0.47142E+00
   0.246         0.26892E+01         0.47197E+00
   0.247         0.26871E+01         0.47252E+00
   0.248         0.26850E+01         0.47306E+00
   0.249         0.26830E+01         0.47360E+00
   0.250         0.26810E+01         0.47414E+00
   0.251         0.26789E+01         0.47467E+00
   0.252         0.26769E+01         0.47520E+00
   0.253         0.26750E+01         0.47573E+00
   0.254         0.26730E+01         0.47625E+00
   0.255         0.26710E+01         0.47677E+00
   0.256         0.26691E+01         0.47729E+00
   0.257         0.26672E+01         0.47780E+00
   0.258         0.26652E+01         0.47831E+00
   0.259         0.26633E+01         0.47881E+00
   0.260         0.26614E+01         0.47932E+00
   0.261         0.26596E+01         0.47981E+00
   0.262         0.26577E+01         0.48031E+00
   0.263         0.26559E+01         0.48080E+00
   0.264         0.26540E+01         0.48129E+00
   0.265         0.26522E+01         0.48178E+00
   0.266         0.26504E+01         0.48226E+00
   0.267         0.26486E+01         0.48274E+00
   0.268         0.26468E+01         0.48322E+00
   0.269         0.26450E+01         0.48369E+00
   0.270         0.26432E+01         0.48416E+00
   0.271         0.26415E+01         0.48463E+00
   0.272         0.26397E+01         0.48510E+00
   0.273         0.26380E+01         0.48556E+00
   0.274         0.26363E+01         0.48602E+00
   0.275         0.26345E+01         0.48648E+00
   0.276         0.26328E+01         0.48693E+00
   0.277         0.26312E+01         0.48738E+00
   0.278         0.26295E+01         0.48783E+00
   0.279         0.26278E+01         0.48827E+00
   0.280         0.26261E+01         0.48871E+00
   0.281         0.26245E+01         0.48915E+00
   0.282         0.26229E+01         0.48959E+00
   0.283         0.26212E+01         0.49002E+00
   0.284         0.26196E+01         0.49046E+00
   0.285         0.26180E+01         0.49088E+00
   0.286         0.26164E+01         0.49131E+00
   0.287         0.26148E+01         0.49173E+00
   0.288         0.26132E+01         0.49215E+00
   0.289         0.26117E+01         0.49257E+00
   0.290         0.26101E+01         0.49299E+00
   0.291         0.26086E+01         0.49340E+00
   0.292         0.26070E+01         0.49381E+00
   0.293         0.26055E+01         0.49422E+00
   0.294         0.26040E+01         0.49463E+00
   0.295         0.26025E+01         0.49503E+00
   0.296         0.26010E+01         0.49543E+00
   0.297         0.25995E+01         0.49583E+00
   0.298         0.25980E+01         0.49622E+00
   0.299         0.25965E+01         0.49662E+00
   0.300         0.25950E+01         0.49701E+00
   0.301         0.25936E+01         0.49740E+00
   0.302         0.25921E+01         0.49779E+00
   0.303         0.25907E+01         0.49817E+00
   0.304         0.25892E+01         0.49855E+00
   0.305         0.25878E+01         0.49893E+00
   0.306         0.25864E+01         0.49931E+00
   0.307         0.25850E+01         0.49969E+00
   0.308         0.25836E+01         0.50006E+00
   0.309         0.25822E+01         0.50043E+00
   0.310         0.25808E+01         0.50080E+00
   0.311         0.25794E+01         0.50117E+00
   0.312         0.25781E+01         0.50153E+00
   0.313         0.25767E+01         0.50189E+00
   0.314         0.25754E+01         0.50225E+00
   0.315         0.25740E+01         0.50261E+00
   0.316         0.25727E+01         0.50297E+00
   0.317         0.25713E+01         0.50332E+00
   0.318         0.25700E+01         0.50367E+00
   0.319         0.25687E+01         0.50402E+00
   0.320         0.25674E+01         0.50437E+00
   0.321         0.25661E+01         0.50472E+00
   0.322         0.25648E+01         0.50506E+00
   0.323         0.25635E+01         0.50541E+00
   0.324         0.25622E+01         0.50575E+00
   0.325         0.25610E+01         0.50608E+00
   0.326         0.25597E+01         0.50642E+00
   0.327         0.25584E+01         0.50676E+00
   0.328         0.25572E+01         0.50709E+00
   0.329         0.25559E+01         0.50742E+00
   0.330         0.25547E+01         0.50775E+00
   0.331         0.25535E+01         0.50808E+00
   0.332         0.25522E+01         0.50840E+00
   0.333         0.25510E+01         0.50873E+00
   0.334         0.25498E+01         0.50905E+00
   0.335         0.25486E+01         0.50937E+00
   0.336         0.25474E+01         0.50969E+00
   0.337         0.25462E+01         0.51000E+00
   0.338         0.25450E+01         0.51032E+00
   0.339         0.25438E+01         0.51063E+00
   0.340         0.25427E+01         0.51094E+00
   0.341         0.25415E+01         0.51125E+00
   0.342         0.25403E+01         0.51156E+00
   0.343         0.25392E+01         0.51187E+00
   0.344         0.25380E+01         0.51217E+00
   0.345         0.25369E+01         0.51247E+00
   0.346         0.25358E+01         0.51277E+00
   0.347         0.25346E+01         0.51307E+00
   0.348         0.25335E+01         0.51337E+00
   0.349         0.25324E+01         0.51367E+00
   0.350         0.25313E+01         0.51396E+00
   0.351         0.25302E+01         0.51426E+00
   0.352         0.25290E+01         0.51455E+00
   0.353         0.25280E+01         0.51484E+00
   0.354         0.25269E+01         0.51513E+00
   0.355         0.25258E+01         0.51541E+00
   0.356         0.25247E+01         0.51570E+00
   0.357         0.25236E+01         0.51598E+00
   0.358         0.25225E+01         0.51627E+00
   0.359         0.25215E+01         0.51655E+00
   0.360         0.25204E+01         0.51683E+00
   0.361         0.25194E+01         0.51710E+00
   0.362         0.25183E+01         0.51738E+00
   0.363         0.25173E+01         0.51766E+00
   0.364         0.25162E+01         0.51793E+00
   0.365         0.25152E+01         0.51820E+00
   0.366         0.25142E+01         0.51847E+00
   0.367         0.25131E+01         0.51874E+00
   0.368         0.25121E+01         0.51901E+00
   0.369         0.25111E+01         0.51928E+00
   0.370         0.25101E+01         0.51954E+00
   0.371         0.25091E+01         0.51981E+00
   0.372         0.25081E+01         0.52007E+00
   0.373         0.25071E+01         0.52033E+00
   0.374         0.25061E+01         0.52059E+00
   0.375         0.25051E+01         0.52085E+00
   0.376         0.25041E+01         0.52110E+00
   0.377         0.25032E+01         0.52136E+00
   0.378         0.25022E+01         0.52162E+00
   0.379         0.25012E+01         0.52187E+00
   0.380         0.25003E+01         0.52212E+00
   0.381         0.24993E+01         0.52237E+00
   0.382         0.24984E+01         0.52262E+00
   0.383         0.24974E+01         0.52287E+00
   0.384         0.24965E+01         0.52311E+00
   0.385         0.24955E+01         0.52336E+00
   0.386         0.24946E+01         0.52360E+00
   0.387         0.24937E+01         0.52385E+00
   0.388         0.24927E+01         0.52409E+00
   0.389         0.24918E+01         0.52433E+00
   0.390         0.24909E+01         0.52457E+00
   0.391         0.24900E+01         0.52481E+00
   0.392         0.24891E+01         0.52505E+00
   0.393         0.24882E+01         0.52528E+00
   0.394         0.24873E+01         0.52552E+00
   0.395         0.24864E+01         0.52575E+00
   0.396         0.24855E+01         0.52598E+00
   0.397         0.24846E+01         0.52621E+00
   0.398         0.24837E+01         0.52644E+00
   0.399         0.24828E+01         0.52667E+00
   0.400         0.24819E+01         0.52690E+00
   0.401         0.24811E+01         0.52713E+00
   0.402         0.24802E+01         0.52735E+00
   0.403         0.24793E+01         0.52758E+00
   0.404         0.24785E+01         0.52780E+00
   0.405         0.24776E+01         0.52802E+00
   0.406         0.24767E+01         0.52824E+00
   0.407         0.24759E+01         0.52846E+00
   0.408         0.24750E+01         0.52868E+00
   0.409         0.24742E+01         0.52890E+00
   0.410         0.24734E+01         0.52912E+00
   0.411         0.24725E+01         0.52933E+00
   0.412         0.24717E+01         0.52955E+00
   0.413         0.24709E+01         0.52976E+00
   0.414         0.24700E+01         0.52997E+00
   0.415         0.24692E+01         0.53018E+00
   0.416         0.24684E+01         0.53040E+00
   0.417         0.24676E+01         0.53060E+00
   0.418         0.24668E+01         0.53081E+00
   0.419         0.24660E+01         0.53102E+00
   0.420         0.24652E+01         0.53123E+00
   0.421         0.24644E+01         0.53143E+00
   0.422         0.24636E+01         0.53164E+00
   0.423         0.24628E+01         0.53184E+00
   0.424         0.24620E+01         0.53204E+00
   0.425         0.24612E+01         0.53225E+00
   0.426         0.24604E+01         0.53245E+00
   0.427         0.24596E+01         0.53265E+00
   0.428         0.24589E+01         0.53285E+00
   0.429         0.24581E+01         0.53304E+00
   0.430         0.24573E+01         0.53324E+00
   0.431         0.24565E+01         0.53344E+00
   0.432         0.24558E+01         0.53363E+00
   0.433         0.24550E+01         0.53383E+00
   0.434         0.24543E+01         0.53402E+00
   0.435         0.24535E+01         0.53421E+00
   0.436         0.24528E+01         0.53440E+00
   0.437         0.24520E+01         0.53459E+00
   0.438         0.24513E+01         0.53478E+00
   0.439         0.24505E+01         0.53497E+00
   0.440         0.24498E+01         0.53516E+00
   0.441         0.24490E+01         0.53535E+00
   0.442         0.24483E+01         0.53553E+00
   0.443         0.24476E+01         0.53572E+00
   0.444         0.24469E+01         0.53590E+00
   0.445         0.24461E+01         0.53609E+00
   0.446         0.24454E+01         0.53627E+00
   0.447         0.24447E+01         0.53645E+00
   0.448         0.24440E+01         0.53663E+00
   0.449         0.24433E+01         0.53681E+00
   0.450         0.24425E+01         0.53699E+00
   0.451         0.24418E+01         0.53717E+00
   0.452         0.24411E+01         0.53735E+00
   0.453         0.24404E+01         0.53752E+00
   0.454         0.24397E+01         0.53770E+00
   0.455         0.24390E+01         0.53788E+00
   0.456         0.24383E+01         0.53805E+00
   0.457         0.24377E+01         0.53822E+00
   0.458         0.24370E+01         0.53840E+00
   0.459         0.24363E+01         0.53857E+00
   0.460         0.24356E+01         0.53874E+00
   0.461         0.24349E+01         0.53891E+00
   0.462         0.24342E+01         0.53908E+00
   0.463         0.24336E+01         0.53925E+00
   0.464         0.24329E+01         0.53942E+00
   0.465         0.24322E+01         0.53959E+00
   0.466         0.24316E+01         0.53975E+00
   0.467         0.24309E+01         0.53992E+00
   0.468         0.24302E+01         0.54008E+00
   0.469         0.24296E+01         0.54025E+00
   0.470         0.24289E+01         0.54041E+00
   0.471         0.24283E+01         0.54058E+00
   0.472         0.24276E+01         0.54074E+00
   0.473         0.24270E+01         0.54090E+00
   0.474         0.24263E+01         0.54106E+00
   0.475         0.24257E+01         0.54122E+00
   0.476         0.24250E+01         0.54138E+00
   0.477         0.24244E+01         0.54154E+00
   0.478         0.24238E+01         0.54170E+00
   0.479         0.24231E+01         0.54186E+00
   0.480         0.24225E+01         0.54201E+00
   0.481         0.24219E+01         0.54217E+00
   0.482         0.24212E+01         0.54232E+00
   0.483         0.24206E+01         0.54248E+00
   0.484         0.24200E+01         0.54263E+00
   0.485         0.24194E+01         0.54278E+00
   0.486         0.24187E+01         0.54294E+00
   0.487         0.24181E+01         0.54309E+00
   0.488         0.24175E+01         0.54324E+00
   0.489         0.24169E+01         0.54339E+00
   0.490         0.24163E+01         0.54354E+00
   0.491         0.24157E+01         0.54369E+00
   0.492         0.24151E+01         0.54384E+00
   0.493         0.24145E+01         0.54399E+00
   0.494         0.24139E+01         0.54413E+00
   0.495         0.24133E+01         0.54428E+00
   0.496         0.24127E+01         0.54443E+00
   0.497         0.24121E+01         0.54457E+00
   0.498         0.24115E+01         0.54472E+00
   0.499         0.24109E+01         0.54486E+00
   0.500         0.24103E+01         0.54501E+00
   0.501         0.24097E+01         0.54515E+00
   0.502         0.24092E+01         0.54529E+00
   0.503         0.24086E+01         0.54543E+00
   0.504         0.24080E+01         0.54557E+00
   0.505         0.24074E+01         0.54571E+00
   0.506         0.24068E+01         0.54585E+00
   0.507         0.24063E+01         0.54599E+00
   0.508         0.24057E+01         0.54613E+00
   0.509         0.24051E+01         0.54627E+00
   0.510         0.24046E+01         0.54641E+00
   0.511         0.24040E+01         0.54654E+00
   0.512         0.24034E+01         0.54668E+00
   0.513         0.24029E+01         0.54682E+00
   0.514         0.24023E+01         0.54695E+00
   0.515         0.24018E+01         0.54709E+00
   0.516         0.24012E+01         0.54722E+00
   0.517         0.24006E+01         0.54735E+00
   0.518         0.24001E+01         0.54749E+00
   0.519         0.23995E+01         0.54762E+00
   0.520         0.23990E+01         0.54775E+00
   0.521         0.23985E+01         0.54788E+00
   0.522         0.23979E+01         0.54801E+00
   0.523         0.23974E+01         0.54814E+00
   0.524         0.23968E+01         0.54827E+00
   0.525         0.23963E+01         0.54840E+00
   0.526         0.23958E+01         0.54853E+00
   0.527         0.23952E+01         0.54866E+00
   0.528         0.23947E+01         0.54878E+00
   0.529         0.23942E+01         0.54891E+00
   0.530         0.23936E+01         0.54904E+00
   0.531         0.23931E+01         0.54916E+00
   0.532         0.23926E+01         0.54929E+00
   0.533         0.23921E+01         0.54941E+00
   0.534         0.23915E+01         0.54954E+00
   0.535         0.23910E+01         0.54966E+00
   0.536         0.23905E+01         0.54979E+00
   0.537         0.23900E+01         0.54991E+00
   0.538         0.23895E+01         0.55003E+00
   0.539         0.23889E+01         0.55015E+00
   0.540         0.23884E+01         0.55027E+00
   0.541         0.23879E+01         0.55039E+00
   0.542         0.23874E+01         0.55051E+00
   0.543         0.23869E+01         0.55063E+00
   0.544         0.23864E+01         0.55075E+00
   0.545         0.23859E+01         0.55087E+00
   0.546         0.23854E+01         0.55099E+00
   0.547         0.23849E+01         0.55111E+00
   0.548         0.23844E+01         0.55123E+00
   0.549         0.23839E+01         0.55134E+00
   0.550         0.23834E+01         0.55146E+00
   0.551         0.23829E+01         0.55157E+00
   0.552         0.23824E+01         0.55169E+00
   0.553         0.23819E+01         0.55180E+00
   0.554         0.23815E+01         0.55192E+00
   0.555         0.23810E+01         0.55203E+00
   0.556         0.23805E+01         0.55215E+00
   0.557         0.23800E+01         0.55226E+00
   0.558         0.23795E+01         0.55237E+00
   0.559         0.23790E+01         0.55248E+00
   0.560         0.23786E+01         0.55260E+00
   0.561         0.23781E+01         0.55271E+00
   0.562         0.23776E+01         0.55282E+00
   0.563         0.23771E+01         0.55293E+00
   0.564         0.23767E+01         0.55304E+00
   0.565         0.23762E+01         0.55315E+00
   0.566         0.23757E+01         0.55326E+00
   0.567         0.23752E+01         0.55336E+00
   0.568         0.23748E+01         0.55347E+00
   0.569         0.23743E+01         0.55358E+00
   0.570         0.23738E+01         0.55369E+00
   0.571         0.23734E+01         0.55379E+00
   0.572         0.23729E+01         0.55390E+00
   0.573         0.23725E+01         0.55401E+00
   0.574         0.23720E+01         0.55411E+00
   0.575         0.23715E+01         0.55422E+00
   0.576         0.23711E+01         0.55432E+00
   0.577         0.23706E+01         0.55443E+00
   0.578         0.23702E+01         0.55453E+00
   0.579         0.23697E+01         0.55463E+00
   0.580         0.23693E+01         0.55474E+00
   0.581         0.23688E+01         0.55484E+00
   0.582         0.23684E+01         0.55494E+00
   0.583         0.23679E+01         0.55504E+00
   0.584         0.23675E+01         0.55515E+00
   0.585         0.23671E+01         0.55525E+00
   0.586         0.23666E+01         0.55535E+00
   0.587         0.23662E+01         0.55545E+00
   0.588         0.23657E+01         0.55555E+00
   0.589         0.23653E+01         0.55565E+00
   0.590         0.23649E+01         0.55575E+00
   0.591         0.23644E+01         0.55584E+00
   0.592         0.23640E+01         0.55594E+00
   0.593         0.23636E+01         0.55604E+00
   0.594         0.23631E+01         0.55614E+00
   0.595         0.23627E+01         0.55623E+00
   0.596         0.23623E+01         0.55633E+00
   0.597         0.23618E+01         0.55643E+00
   0.598         0.23614E+01         0.55652E+00
   0.599         0.23610E+01         0.55662E+00
   0.600         0.23606E+01         0.55671E+00
   0.601         0.23602E+01         0.55681E+00
   0.602         0.23597E+01         0.55690E+00
   0.603         0.23593E+01         0.55700E+00
   0.604         0.23589E+01         0.55709E+00
   0.605         0.23585E+01         0.55719E+00
   0.606         0.23581E+01         0.55728E+00
   0.607         0.23576E+01         0.55737E+00
   0.608         0.23572E+01         0.55746E+00
   0.609         0.23568E+01         0.55756E+00
   0.610         0.23564E+01         0.55765E+00
   0.611         0.23560E+01         0.55774E+00
   0.612         0.23556E+01         0.55783E+00
   0.613         0.23552E+01         0.55792E+00
   0.614         0.23548E+01         0.55801E+00
   0.615         0.23544E+01         0.55810E+00
   0.616         0.23540E+01         0.55819E+00
   0.617         0.23536E+01         0.55828E+00
   0.618         0.23532E+01         0.55837E+00
   0.619         0.23528E+01         0.55846E+00
   0.620         0.23524E+01         0.55854E+00
   0.621         0.23520E+01         0.55863E+00
   0.622         0.23516E+01         0.55872E+00
   0.623         0.23512E+01         0.55881E+00
   0.624         0.23508E+01         0.55889E+00
   0.625         0.23504E+01         0.55898E+00
   0.626         0.23500E+01         0.55907E+00
   0.627         0.23496E+01         0.55915E+00
   0.628         0.23492E+01         0.55924E+00
   0.629         0.23488E+01         0.55932E+00
   0.630         0.23484E+01         0.55941E+00
   0.631         0.23481E+01         0.55949E+00
   0.632         0.23477E+01         0.55958E+00
   0.633         0.23473E+01         0.55966E+00
   0.634         0.23469E+01         0.55974E+00
   0.635         0.23465E+01         0.55983E+00
   0.636         0.23461E+01         0.55991E+00
   0.637         0.23458E+01         0.55999E+00
   0.638         0.23454E+01         0.56007E+00
   0.639         0.23450E+01         0.56016E+00
   0.640         0.23446E+01         0.56024E+00
   0.641         0.23442E+01         0.56032E+00
   0.642         0.23439E+01         0.56040E+00
   0.643         0.23435E+01         0.56048E+00
   0.644         0.23431E+01         0.56056E+00
   0.645         0.23428E+01         0.56064E+00
   0.646         0.23424E+01         0.56072E+00
   0.647         0.23420E+01         0.56080E+00
   0.648         0.23416E+01         0.56088E+00
   0.649         0.23413E+01         0.56096E+00
   0.650         0.23409E+01         0.56104E+00
   0.651         0.23405E+01         0.56112E+00
   0.652         0.23402E+01         0.56119E+00
   0.653         0.23398E+01         0.56127E+00
   0.654         0.23395E+01         0.56135E+00
   0.655         0.23391E+01         0.56143E+00
   0.656         0.23387E+01         0.56150E+00
   0.657         0.23384E+01         0.56158E+00
   0.658         0.23380E+01         0.56166E+00
   0.659         0.23377E+01         0.56173E+00
   0.660         0.23373E+01         0.56181E+00
   0.661         0.23369E+01         0.56188E+00
   0.662         0.23366E+01         0.56196E+00
   0.663         0.23362E+01         0.56203E+00
   0.664         0.23359E+01         0.56211E+00
   0.665         0.23355E+01         0.56218E+00
   0.666         0.23352E+01         0.56226E+00
   0.667         0.23348E+01         0.56233E+00
   0.668         0.23345E+01         0.56240E+00
   0.669         0.23341E+01         0.56248E+00
   0.670         0.23338E+01         0.56255E+00
   0.671         0.23334E+01         0.56262E+00
   0.672         0.23331E+01         0.56269E+00
   0.673         0.23328E+01         0.56277E+00
   0.674         0.23324E+01         0.56284E+00
   0.675         0.23321E+01         0.56291E+00
   0.676         0.23317E+01         0.56298E+00
   0.677         0.23314E+01         0.56305E+00
   0.678         0.23310E+01         0.56312E+00
   0.679         0.23307E+01         0.56319E+00
   0.680         0.23304E+01         0.56326E+00
   0.681         0.23300E+01         0.56333E+00
   0.682         0.23297E+01         0.56340E+00
   0.683         0.23294E+01         0.56347E+00
   0.684         0.23290E+01         0.56354E+00
   0.685         0.23287E+01         0.56361E+00
   0.686         0.23284E+01         0.56368E+00
   0.687         0.23280E+01         0.56375E+00
   0.688         0.23277E+01         0.56382E+00
   0.689         0.23274E+01         0.56389E+00
   0.690         0.23270E+01         0.56395E+00
   0.691         0.23267E+01         0.56402E+00
   0.692         0.23264E+01         0.56409E+00
   0.693         0.23261E+01         0.56416E+00
   0.694         0.23257E+01         0.56422E+00
   0.695         0.23254E+01         0.56429E+00
   0.696         0.23251E+01         0.56436E+00
   0.697         0.23248E+01         0.56442E+00
   0.698         0.23244E+01         0.56449E+00
   0.699         0.23241E+01         0.56455E+00
   0.700         0.23238E+01         0.56462E+00
   0.701         0.23235E+01         0.56468E+00
   0.702         0.23231E+01         0.56475E+00
   0.703         0.23228E+01         0.56481E+00
   0.704         0.23225E+01         0.56488E+00
   0.705         0.23222E+01         0.56494E+00
   0.706         0.23219E+01         0.56501E+00
   0.707         0.23216E+01         0.56507E+00
   0.708         0.23212E+01         0.56513E+00
   0.709         0.23209E+01         0.56520E+00
   0.710         0.23206E+01         0.56526E+00
   0.711         0.23203E+01         0.56532E+00
   0.712         0.23200E+01         0.56538E+00
   0.713         0.23197E+01         0.56545E+00
   0.714         0.23194E+01         0.56551E+00
   0.715         0.23191E+01         0.56557E+00
   0.716         0.23188E+01         0.56563E+00
   0.717         0.23184E+01         0.56569E+00
   0.718         0.23181E+01         0.56576E+00
   0.719         0.23178E+01         0.56582E+00
   0.720         0.23175E+01         0.56588E+00
   0.721         0.23172E+01         0.56594E+00
   0.722         0.23169E+01         0.56600E+00
   0.723         0.23166E+01         0.56606E+00
   0.724         0.23163E+01         0.56612E+00
   0.725         0.23160E+01         0.56618E+00
   0.726         0.23157E+01         0.56624E+00
   0.727         0.23154E+01         0.56630E+00
   0.728         0.23151E+01         0.56636E+00
   0.729         0.23148E+01         0.56642E+00
   0.730         0.23145E+01         0.56647E+00
   0.731         0.23142E+01         0.56653E+00
   0.732         0.23139E+01         0.56659E+00
   0.733         0.23136E+01         0.56665E+00
   0.734         0.23133E+01         0.56671E+00
   0.735         0.23130E+01         0.56676E+00
   0.736         0.23127E+01         0.56682E+00
   0.737         0.23125E+01         0.56688E+00
   0.738         0.23122E+01         0.56694E+00
   0.739         0.23119E+01         0.56699E+00
   0.740         0.23116E+01         0.56705E+00
   0.741         0.23113E+01         0.56711E+00
   0.742         0.23110E+01         0.56716E+00
   0.743         0.23107E+01         0.56722E+00
   0.744         0.23104E+01         0.56727E+00
   0.745         0.23101E+01         0.56733E+00
   0.746         0.23098E+01         0.56738E+00
   0.747         0.23096E+01         0.56744E+00
   0.748         0.23093E+01         0.56750E+00
   0.749         0.23090E+01         0.56755E+00
   0.750         0.23087E+01         0.56760E+00
