 #------------------------------------
 # Tkin (MeV)   f_electron f_positron 
 #------------------------------------
   0.000         0.19105E+02         0.16900E-06
   0.010         0.22506E+01         0.34304E+00
   0.020         0.18560E+01         0.48132E+00
   0.030         0.16951E+01         0.55476E+00
   0.040         0.16036E+01         0.60165E+00
   0.050         0.15433E+01         0.63474E+00
   0.060         0.15001E+01         0.65959E+00
   0.070         0.14673E+01         0.67907E+00
   0.080         0.14414E+01         0.69482E+00
   0.090         0.14204E+01         0.70786E+00
   0.100         0.14030E+01         0.71886E+00
   0.110         0.13882E+01         0.72827E+00
   0.120         0.13756E+01         0.73644E+00
   0.130         0.13647E+01         0.74359E+00
   0.140         0.13551E+01         0.74990E+00
   0.150         0.13466E+01         0.75553E+00
   0.160         0.13390E+01         0.76058E+00
   0.170         0.13322E+01         0.76513E+00
   0.180         0.13260E+01         0.76925E+00
   0.190         0.13205E+01         0.77301E+00
   0.200         0.13154E+01         0.77644E+00
   0.210         0.13107E+01         0.77959E+00
   0.220         0.13065E+01         0.78250E+00
   0.230         0.13025E+01         0.78518E+00
   0.240         0.12989E+01         0.78767E+00
   0.250         0.12955E+01         0.78998E+00
   0.260         0.12923E+01         0.79213E+00
   0.270         0.12894E+01         0.79414E+00
   0.280         0.12867E+01         0.79602E+00
   0.290         0.12841E+01         0.79778E+00
   0.300         0.12817E+01         0.79944E+00
   0.310         0.12794E+01         0.80099E+00
   0.320         0.12773E+01         0.80246E+00
   0.330         0.12752E+01         0.80384E+00
   0.340         0.12733E+01         0.80515E+00
   0.350         0.12715E+01         0.80639E+00
   0.360         0.12698E+01         0.80756E+00
   0.370         0.12682E+01         0.80867E+00
   0.380         0.12666E+01         0.80972E+00
   0.390         0.12651E+01         0.81073E+00
   0.400         0.12637E+01         0.81168E+00
   0.410         0.12624E+01         0.81259E+00
   0.420         0.12611E+01         0.81346E+00
   0.430         0.12599E+01         0.81428E+00
   0.440         0.12587E+01         0.81507E+00
   0.450         0.12576E+01         0.81583E+00
   0.460         0.12565E+01         0.81655E+00
   0.470         0.12555E+01         0.81724E+00
   0.480         0.12545E+01         0.81791E+00
   0.490         0.12536E+01         0.81854E+00
   0.500         0.12527E+01         0.81915E+00
   0.510         0.12518E+01         0.81974E+00
   0.520         0.12509E+01         0.82030E+00
   0.530         0.12501E+01         0.82084E+00
   0.540         0.12494E+01         0.82136E+00
   0.550         0.12486E+01         0.82186E+00
   0.560         0.12479E+01         0.82234E+00
   0.570         0.12472E+01         0.82280E+00
   0.580         0.12465E+01         0.82325E+00
   0.590         0.12458E+01         0.82368E+00
   0.600         0.12452E+01         0.82410E+00
   0.610         0.12446E+01         0.82450E+00
   0.620         0.12440E+01         0.82488E+00
   0.630         0.12434E+01         0.82526E+00
   0.640         0.12428E+01         0.82562E+00
   0.650         0.12423E+01         0.82597E+00
   0.660         0.12418E+01         0.82631E+00
   0.670         0.12413E+01         0.82663E+00
   0.680         0.12408E+01         0.82695E+00
   0.690         0.12403E+01         0.82726E+00
   0.700         0.12398E+01         0.82755E+00
   0.710         0.12394E+01         0.82784E+00
   0.720         0.12389E+01         0.82812E+00
   0.730         0.12385E+01         0.82839E+00
   0.740         0.12381E+01         0.82865E+00
   0.750         0.12377E+01         0.82890E+00
   0.760         0.12373E+01         0.82915E+00
   0.770         0.12369E+01         0.82939E+00
   0.780         0.12365E+01         0.82962E+00
   0.790         0.12362E+01         0.82985E+00
   0.800         0.12358E+01         0.83006E+00
