 #------------------------------------
 # Tkin (MeV)   f_electron f_positron 
 #------------------------------------
   0.000         0.19105E+02         0.16900E-06
   0.001         0.57880E+01         0.21425E-01
   0.002         0.42484E+01         0.73296E-01
   0.003         0.35569E+01         0.12469E+00
   0.004         0.31499E+01         0.16953E+00
   0.005         0.28789E+01         0.20824E+00
   0.006         0.26844E+01         0.24195E+00
   0.007         0.25373E+01         0.27164E+00
   0.008         0.24218E+01         0.29804E+00
   0.009         0.23282E+01         0.32169E+00
   0.010         0.22506E+01         0.34304E+00
   0.011         0.21850E+01         0.36243E+00
   0.012         0.21287E+01         0.38012E+00
   0.013         0.20797E+01         0.39635E+00
   0.014         0.20366E+01         0.41129E+00
   0.015         0.19983E+01         0.42512E+00
   0.016         0.19640E+01         0.43795E+00
   0.017         0.19331E+01         0.44989E+00
   0.018         0.19050E+01         0.46105E+00
   0.019         0.18794E+01         0.47150E+00
   0.020         0.18560E+01         0.48132E+00
   0.021         0.18343E+01         0.49056E+00
   0.022         0.18143E+01         0.49927E+00
   0.023         0.17958E+01         0.50751E+00
   0.024         0.17785E+01         0.51531E+00
   0.025         0.17624E+01         0.52271E+00
   0.026         0.17472E+01         0.52975E+00
   0.027         0.17330E+01         0.53645E+00
   0.028         0.17197E+01         0.54283E+00
   0.029         0.17070E+01         0.54893E+00
   0.030         0.16951E+01         0.55476E+00
   0.031         0.16838E+01         0.56034E+00
   0.032         0.16731E+01         0.56568E+00
   0.033         0.16630E+01         0.57081E+00
   0.034         0.16533E+01         0.57573E+00
   0.035         0.16440E+01         0.58047E+00
   0.036         0.16352E+01         0.58502E+00
   0.037         0.16268E+01         0.58941E+00
   0.038         0.16188E+01         0.59364E+00
   0.039         0.16110E+01         0.59772E+00
   0.040         0.16036E+01         0.60165E+00
   0.041         0.15965E+01         0.60546E+00
   0.042         0.15897E+01         0.60914E+00
   0.043         0.15832E+01         0.61270E+00
   0.044         0.15768E+01         0.61614E+00
   0.045         0.15707E+01         0.61948E+00
   0.046         0.15649E+01         0.62272E+00
   0.047         0.15592E+01         0.62586E+00
   0.048         0.15537E+01         0.62891E+00
   0.049         0.15485E+01         0.63187E+00
   0.050         0.15433E+01         0.63474E+00
   0.051         0.15384E+01         0.63754E+00
   0.052         0.15336E+01         0.64025E+00
   0.053         0.15290E+01         0.64290E+00
   0.054         0.15245E+01         0.64547E+00
   0.055         0.15201E+01         0.64798E+00
   0.056         0.15158E+01         0.65042E+00
   0.057         0.15117E+01         0.65280E+00
   0.058         0.15077E+01         0.65512E+00
   0.059         0.15038E+01         0.65739E+00
   0.060         0.15001E+01         0.65959E+00
   0.061         0.14964E+01         0.66175E+00
   0.062         0.14928E+01         0.66385E+00
   0.063         0.14893E+01         0.66591E+00
   0.064         0.14859E+01         0.66792E+00
   0.065         0.14826E+01         0.66988E+00
   0.066         0.14794E+01         0.67180E+00
   0.067         0.14762E+01         0.67368E+00
   0.068         0.14732E+01         0.67552E+00
   0.069         0.14702E+01         0.67731E+00
   0.070         0.14673E+01         0.67907E+00
   0.071         0.14644E+01         0.68079E+00
   0.072         0.14616E+01         0.68248E+00
   0.073         0.14589E+01         0.68413E+00
   0.074         0.14562E+01         0.68575E+00
   0.075         0.14536E+01         0.68734E+00
   0.076         0.14511E+01         0.68889E+00
   0.077         0.14486E+01         0.69042E+00
   0.078         0.14461E+01         0.69191E+00
   0.079         0.14437E+01         0.69338E+00
   0.080         0.14414E+01         0.69482E+00
   0.081         0.14391E+01         0.69623E+00
   0.082         0.14368E+01         0.69762E+00
   0.083         0.14346E+01         0.69898E+00
   0.084         0.14325E+01         0.70032E+00
   0.085         0.14304E+01         0.70163E+00
   0.086         0.14283E+01         0.70292E+00
   0.087         0.14263E+01         0.70419E+00
   0.088         0.14243E+01         0.70543E+00
   0.089         0.14223E+01         0.70666E+00
   0.090         0.14204E+01         0.70786E+00
   0.091         0.14185E+01         0.70904E+00
   0.092         0.14167E+01         0.71021E+00
   0.093         0.14148E+01         0.71135E+00
   0.094         0.14130E+01         0.71247E+00
   0.095         0.14113E+01         0.71358E+00
   0.096         0.14096E+01         0.71467E+00
   0.097         0.14079E+01         0.71574E+00
   0.098         0.14062E+01         0.71680E+00
   0.099         0.14046E+01         0.71783E+00
   0.100         0.14030E+01         0.71886E+00
   0.101         0.14014E+01         0.71986E+00
   0.102         0.13998E+01         0.72085E+00
   0.103         0.13983E+01         0.72183E+00
   0.104         0.13968E+01         0.72279E+00
   0.105         0.13953E+01         0.72374E+00
   0.106         0.13938E+01         0.72467E+00
   0.107         0.13924E+01         0.72559E+00
   0.108         0.13910E+01         0.72650E+00
   0.109         0.13896E+01         0.72739E+00
   0.110         0.13882E+01         0.72827E+00
   0.111         0.13869E+01         0.72914E+00
   0.112         0.13856E+01         0.73000E+00
   0.113         0.13843E+01         0.73084E+00
   0.114         0.13830E+01         0.73167E+00
   0.115         0.13817E+01         0.73249E+00
   0.116         0.13804E+01         0.73330E+00
   0.117         0.13792E+01         0.73410E+00
   0.118         0.13780E+01         0.73489E+00
   0.119         0.13768E+01         0.73567E+00
   0.120         0.13756E+01         0.73644E+00
   0.121         0.13745E+01         0.73719E+00
   0.122         0.13733E+01         0.73794E+00
   0.123         0.13722E+01         0.73868E+00
   0.124         0.13711E+01         0.73941E+00
   0.125         0.13700E+01         0.74012E+00
   0.126         0.13689E+01         0.74083E+00
   0.127         0.13678E+01         0.74153E+00
   0.128         0.13667E+01         0.74223E+00
   0.129         0.13657E+01         0.74291E+00
   0.130         0.13647E+01         0.74359E+00
   0.131         0.13636E+01         0.74425E+00
   0.132         0.13626E+01         0.74491E+00
   0.133         0.13616E+01         0.74556E+00
   0.134         0.13607E+01         0.74620E+00
   0.135         0.13597E+01         0.74684E+00
   0.136         0.13587E+01         0.74747E+00
   0.137         0.13578E+01         0.74809E+00
   0.138         0.13569E+01         0.74870E+00
   0.139         0.13560E+01         0.74931E+00
   0.140         0.13551E+01         0.74990E+00
   0.141         0.13542E+01         0.75050E+00
   0.142         0.13533E+01         0.75108E+00
   0.143         0.13524E+01         0.75166E+00
   0.144         0.13515E+01         0.75223E+00
   0.145         0.13507E+01         0.75280E+00
   0.146         0.13498E+01         0.75336E+00
   0.147         0.13490E+01         0.75391E+00
   0.148         0.13482E+01         0.75446E+00
   0.149         0.13474E+01         0.75500E+00
   0.150         0.13466E+01         0.75553E+00
   0.151         0.13458E+01         0.75606E+00
   0.152         0.13450E+01         0.75658E+00
   0.153         0.13442E+01         0.75710E+00
   0.154         0.13434E+01         0.75761E+00
   0.155         0.13427E+01         0.75812E+00
   0.156         0.13419E+01         0.75862E+00
   0.157         0.13412E+01         0.75912E+00
   0.158         0.13404E+01         0.75961E+00
   0.159         0.13397E+01         0.76010E+00
   0.160         0.13390E+01         0.76058E+00
   0.161         0.13383E+01         0.76105E+00
   0.162         0.13376E+01         0.76152E+00
   0.163         0.13369E+01         0.76199E+00
   0.164         0.13362E+01         0.76245E+00
   0.165         0.13355E+01         0.76291E+00
   0.166         0.13348E+01         0.76336E+00
   0.167         0.13341E+01         0.76381E+00
   0.168         0.13335E+01         0.76425E+00
   0.169         0.13328E+01         0.76469E+00
   0.170         0.13322E+01         0.76513E+00
   0.171         0.13315E+01         0.76556E+00
   0.172         0.13309E+01         0.76598E+00
   0.173         0.13303E+01         0.76641E+00
   0.174         0.13296E+01         0.76682E+00
   0.175         0.13290E+01         0.76724E+00
   0.176         0.13284E+01         0.76765E+00
   0.177         0.13278E+01         0.76805E+00
   0.178         0.13272E+01         0.76846E+00
   0.179         0.13266E+01         0.76886E+00
   0.180         0.13260E+01         0.76925E+00
   0.181         0.13255E+01         0.76964E+00
   0.182         0.13249E+01         0.77003E+00
   0.183         0.13243E+01         0.77041E+00
   0.184         0.13237E+01         0.77079E+00
   0.185         0.13232E+01         0.77117E+00
   0.186         0.13226E+01         0.77155E+00
   0.187         0.13221E+01         0.77192E+00
   0.188         0.13215E+01         0.77228E+00
   0.189         0.13210E+01         0.77265E+00
   0.190         0.13205E+01         0.77301E+00
   0.191         0.13199E+01         0.77336E+00
   0.192         0.13194E+01         0.77372E+00
   0.193         0.13189E+01         0.77407E+00
   0.194         0.13184E+01         0.77442E+00
   0.195         0.13179E+01         0.77476E+00
   0.196         0.13174E+01         0.77510E+00
   0.197         0.13169E+01         0.77544E+00
   0.198         0.13164E+01         0.77578E+00
   0.199         0.13159E+01         0.77611E+00
   0.200         0.13154E+01         0.77644E+00
   0.201         0.13149E+01         0.77677E+00
   0.202         0.13144E+01         0.77709E+00
   0.203         0.13140E+01         0.77742E+00
   0.204         0.13135E+01         0.77773E+00
   0.205         0.13130E+01         0.77805E+00
   0.206         0.13126E+01         0.77836E+00
   0.207         0.13121E+01         0.77868E+00
   0.208         0.13116E+01         0.77898E+00
   0.209         0.13112E+01         0.77929E+00
   0.210         0.13107E+01         0.77959E+00
   0.211         0.13103E+01         0.77990E+00
   0.212         0.13099E+01         0.78019E+00
   0.213         0.13094E+01         0.78049E+00
   0.214         0.13090E+01         0.78078E+00
   0.215         0.13086E+01         0.78108E+00
   0.216         0.13081E+01         0.78137E+00
   0.217         0.13077E+01         0.78165E+00
   0.218         0.13073E+01         0.78194E+00
   0.219         0.13069E+01         0.78222E+00
   0.220         0.13065E+01         0.78250E+00
   0.221         0.13061E+01         0.78278E+00
   0.222         0.13057E+01         0.78305E+00
   0.223         0.13053E+01         0.78333E+00
   0.224         0.13049E+01         0.78360E+00
   0.225         0.13045E+01         0.78387E+00
   0.226         0.13041E+01         0.78413E+00
   0.227         0.13037E+01         0.78440E+00
   0.228         0.13033E+01         0.78466E+00
   0.229         0.13029E+01         0.78492E+00
   0.230         0.13025E+01         0.78518E+00
   0.231         0.13021E+01         0.78544E+00
   0.232         0.13018E+01         0.78570E+00
   0.233         0.13014E+01         0.78595E+00
   0.234         0.13010E+01         0.78620E+00
   0.235         0.13007E+01         0.78645E+00
   0.236         0.13003E+01         0.78670E+00
   0.237         0.12999E+01         0.78694E+00
   0.238         0.12996E+01         0.78719E+00
   0.239         0.12992E+01         0.78743E+00
   0.240         0.12989E+01         0.78767E+00
   0.241         0.12985E+01         0.78791E+00
   0.242         0.12982E+01         0.78815E+00
   0.243         0.12978E+01         0.78838E+00
   0.244         0.12975E+01         0.78861E+00
   0.245         0.12972E+01         0.78885E+00
   0.246         0.12968E+01         0.78908E+00
   0.247         0.12965E+01         0.78930E+00
   0.248         0.12962E+01         0.78953E+00
   0.249         0.12958E+01         0.78976E+00
   0.250         0.12955E+01         0.78998E+00
   0.251         0.12952E+01         0.79020E+00
   0.252         0.12948E+01         0.79042E+00
   0.253         0.12945E+01         0.79064E+00
   0.254         0.12942E+01         0.79086E+00
   0.255         0.12939E+01         0.79108E+00
   0.256         0.12936E+01         0.79129E+00
   0.257         0.12933E+01         0.79150E+00
   0.258         0.12930E+01         0.79171E+00
   0.259         0.12927E+01         0.79192E+00
   0.260         0.12923E+01         0.79213E+00
   0.261         0.12920E+01         0.79234E+00
   0.262         0.12917E+01         0.79255E+00
   0.263         0.12914E+01         0.79275E+00
   0.264         0.12911E+01         0.79295E+00
   0.265         0.12909E+01         0.79315E+00
   0.266         0.12906E+01         0.79335E+00
   0.267         0.12903E+01         0.79355E+00
   0.268         0.12900E+01         0.79375E+00
   0.269         0.12897E+01         0.79395E+00
   0.270         0.12894E+01         0.79414E+00
   0.271         0.12891E+01         0.79434E+00
   0.272         0.12888E+01         0.79453E+00
   0.273         0.12886E+01         0.79472E+00
   0.274         0.12883E+01         0.79491E+00
   0.275         0.12880E+01         0.79510E+00
   0.276         0.12877E+01         0.79528E+00
   0.277         0.12875E+01         0.79547E+00
   0.278         0.12872E+01         0.79566E+00
   0.279         0.12869E+01         0.79584E+00
   0.280         0.12867E+01         0.79602E+00
   0.281         0.12864E+01         0.79620E+00
   0.282         0.12861E+01         0.79638E+00
   0.283         0.12859E+01         0.79656E+00
   0.284         0.12856E+01         0.79674E+00
   0.285         0.12854E+01         0.79692E+00
   0.286         0.12851E+01         0.79709E+00
   0.287         0.12848E+01         0.79727E+00
   0.288         0.12846E+01         0.79744E+00
   0.289         0.12843E+01         0.79761E+00
   0.290         0.12841E+01         0.79778E+00
   0.291         0.12838E+01         0.79795E+00
   0.292         0.12836E+01         0.79812E+00
   0.293         0.12833E+01         0.79829E+00
   0.294         0.12831E+01         0.79846E+00
   0.295         0.12829E+01         0.79862E+00
   0.296         0.12826E+01         0.79879E+00
   0.297         0.12824E+01         0.79895E+00
   0.298         0.12821E+01         0.79911E+00
   0.299         0.12819E+01         0.79928E+00
   0.300         0.12817E+01         0.79944E+00
   0.301         0.12814E+01         0.79960E+00
   0.302         0.12812E+01         0.79976E+00
   0.303         0.12810E+01         0.79991E+00
   0.304         0.12807E+01         0.80007E+00
   0.305         0.12805E+01         0.80023E+00
   0.306         0.12803E+01         0.80038E+00
   0.307         0.12801E+01         0.80054E+00
   0.308         0.12798E+01         0.80069E+00
   0.309         0.12796E+01         0.80084E+00
   0.310         0.12794E+01         0.80099E+00
   0.311         0.12792E+01         0.80114E+00
   0.312         0.12790E+01         0.80129E+00
   0.313         0.12787E+01         0.80144E+00
   0.314         0.12785E+01         0.80159E+00
   0.315         0.12783E+01         0.80174E+00
   0.316         0.12781E+01         0.80188E+00
   0.317         0.12779E+01         0.80203E+00
   0.318         0.12777E+01         0.80217E+00
   0.319         0.12775E+01         0.80232E+00
   0.320         0.12773E+01         0.80246E+00
   0.321         0.12771E+01         0.80260E+00
   0.322         0.12768E+01         0.80274E+00
   0.323         0.12766E+01         0.80288E+00
   0.324         0.12764E+01         0.80302E+00
   0.325         0.12762E+01         0.80316E+00
   0.326         0.12760E+01         0.80330E+00
   0.327         0.12758E+01         0.80344E+00
   0.328         0.12756E+01         0.80357E+00
   0.329         0.12754E+01         0.80371E+00
   0.330         0.12752E+01         0.80384E+00
   0.331         0.12750E+01         0.80398E+00
   0.332         0.12748E+01         0.80411E+00
   0.333         0.12747E+01         0.80424E+00
   0.334         0.12745E+01         0.80437E+00
   0.335         0.12743E+01         0.80450E+00
   0.336         0.12741E+01         0.80463E+00
   0.337         0.12739E+01         0.80476E+00
   0.338         0.12737E+01         0.80489E+00
   0.339         0.12735E+01         0.80502E+00
   0.340         0.12733E+01         0.80515E+00
   0.341         0.12731E+01         0.80528E+00
   0.342         0.12730E+01         0.80540E+00
   0.343         0.12728E+01         0.80553E+00
   0.344         0.12726E+01         0.80565E+00
   0.345         0.12724E+01         0.80578E+00
   0.346         0.12722E+01         0.80590E+00
   0.347         0.12720E+01         0.80602E+00
   0.348         0.12719E+01         0.80614E+00
   0.349         0.12717E+01         0.80626E+00
   0.350         0.12715E+01         0.80639E+00
   0.351         0.12713E+01         0.80651E+00
   0.352         0.12712E+01         0.80662E+00
   0.353         0.12710E+01         0.80674E+00
   0.354         0.12708E+01         0.80686E+00
   0.355         0.12706E+01         0.80698E+00
   0.356         0.12705E+01         0.80710E+00
   0.357         0.12703E+01         0.80721E+00
   0.358         0.12701E+01         0.80733E+00
   0.359         0.12700E+01         0.80744E+00
   0.360         0.12698E+01         0.80756E+00
   0.361         0.12696E+01         0.80767E+00
   0.362         0.12695E+01         0.80778E+00
   0.363         0.12693E+01         0.80790E+00
   0.364         0.12691E+01         0.80801E+00
   0.365         0.12690E+01         0.80812E+00
   0.366         0.12688E+01         0.80823E+00
   0.367         0.12686E+01         0.80834E+00
   0.368         0.12685E+01         0.80845E+00
   0.369         0.12683E+01         0.80856E+00
   0.370         0.12682E+01         0.80867E+00
   0.371         0.12680E+01         0.80878E+00
   0.372         0.12679E+01         0.80888E+00
   0.373         0.12677E+01         0.80899E+00
   0.374         0.12675E+01         0.80910E+00
   0.375         0.12674E+01         0.80920E+00
   0.376         0.12672E+01         0.80931E+00
   0.377         0.12671E+01         0.80941E+00
   0.378         0.12669E+01         0.80952E+00
   0.379         0.12668E+01         0.80962E+00
   0.380         0.12666E+01         0.80972E+00
   0.381         0.12665E+01         0.80983E+00
   0.382         0.12663E+01         0.80993E+00
   0.383         0.12662E+01         0.81003E+00
   0.384         0.12660E+01         0.81013E+00
   0.385         0.12659E+01         0.81023E+00
   0.386         0.12657E+01         0.81033E+00
   0.387         0.12656E+01         0.81043E+00
   0.388         0.12654E+01         0.81053E+00
   0.389         0.12653E+01         0.81063E+00
   0.390         0.12651E+01         0.81073E+00
   0.391         0.12650E+01         0.81082E+00
   0.392         0.12649E+01         0.81092E+00
   0.393         0.12647E+01         0.81102E+00
   0.394         0.12646E+01         0.81111E+00
   0.395         0.12644E+01         0.81121E+00
   0.396         0.12643E+01         0.81130E+00
   0.397         0.12642E+01         0.81140E+00
   0.398         0.12640E+01         0.81149E+00
   0.399         0.12639E+01         0.81159E+00
   0.400         0.12637E+01         0.81168E+00
   0.401         0.12636E+01         0.81177E+00
   0.402         0.12635E+01         0.81187E+00
   0.403         0.12633E+01         0.81196E+00
   0.404         0.12632E+01         0.81205E+00
   0.405         0.12631E+01         0.81214E+00
   0.406         0.12629E+01         0.81223E+00
   0.407         0.12628E+01         0.81232E+00
   0.408         0.12627E+01         0.81241E+00
   0.409         0.12625E+01         0.81250E+00
   0.410         0.12624E+01         0.81259E+00
   0.411         0.12623E+01         0.81268E+00
   0.412         0.12621E+01         0.81277E+00
   0.413         0.12620E+01         0.81285E+00
   0.414         0.12619E+01         0.81294E+00
   0.415         0.12618E+01         0.81303E+00
   0.416         0.12616E+01         0.81312E+00
   0.417         0.12615E+01         0.81320E+00
   0.418         0.12614E+01         0.81329E+00
   0.419         0.12613E+01         0.81337E+00
   0.420         0.12611E+01         0.81346E+00
   0.421         0.12610E+01         0.81354E+00
   0.422         0.12609E+01         0.81363E+00
   0.423         0.12608E+01         0.81371E+00
   0.424         0.12606E+01         0.81379E+00
   0.425         0.12605E+01         0.81388E+00
   0.426         0.12604E+01         0.81396E+00
   0.427         0.12603E+01         0.81404E+00
   0.428         0.12601E+01         0.81412E+00
   0.429         0.12600E+01         0.81420E+00
   0.430         0.12599E+01         0.81428E+00
   0.431         0.12598E+01         0.81436E+00
   0.432         0.12597E+01         0.81445E+00
   0.433         0.12595E+01         0.81453E+00
   0.434         0.12594E+01         0.81460E+00
   0.435         0.12593E+01         0.81468E+00
   0.436         0.12592E+01         0.81476E+00
   0.437         0.12591E+01         0.81484E+00
   0.438         0.12590E+01         0.81492E+00
   0.439         0.12588E+01         0.81500E+00
   0.440         0.12587E+01         0.81507E+00
   0.441         0.12586E+01         0.81515E+00
   0.442         0.12585E+01         0.81523E+00
   0.443         0.12584E+01         0.81530E+00
   0.444         0.12583E+01         0.81538E+00
   0.445         0.12582E+01         0.81546E+00
   0.446         0.12581E+01         0.81553E+00
   0.447         0.12579E+01         0.81561E+00
   0.448         0.12578E+01         0.81568E+00
   0.449         0.12577E+01         0.81576E+00
   0.450         0.12576E+01         0.81583E+00
   0.451         0.12575E+01         0.81590E+00
   0.452         0.12574E+01         0.81598E+00
   0.453         0.12573E+01         0.81605E+00
   0.454         0.12572E+01         0.81612E+00
   0.455         0.12571E+01         0.81619E+00
   0.456         0.12570E+01         0.81627E+00
   0.457         0.12569E+01         0.81634E+00
   0.458         0.12568E+01         0.81641E+00
   0.459         0.12566E+01         0.81648E+00
   0.460         0.12565E+01         0.81655E+00
   0.461         0.12564E+01         0.81662E+00
   0.462         0.12563E+01         0.81669E+00
   0.463         0.12562E+01         0.81676E+00
   0.464         0.12561E+01         0.81683E+00
   0.465         0.12560E+01         0.81690E+00
   0.466         0.12559E+01         0.81697E+00
   0.467         0.12558E+01         0.81704E+00
   0.468         0.12557E+01         0.81711E+00
   0.469         0.12556E+01         0.81718E+00
   0.470         0.12555E+01         0.81724E+00
   0.471         0.12554E+01         0.81731E+00
   0.472         0.12553E+01         0.81738E+00
   0.473         0.12552E+01         0.81745E+00
   0.474         0.12551E+01         0.81751E+00
   0.475         0.12550E+01         0.81758E+00
   0.476         0.12549E+01         0.81764E+00
   0.477         0.12548E+01         0.81771E+00
   0.478         0.12547E+01         0.81778E+00
   0.479         0.12546E+01         0.81784E+00
   0.480         0.12545E+01         0.81791E+00
   0.481         0.12544E+01         0.81797E+00
   0.482         0.12543E+01         0.81804E+00
   0.483         0.12542E+01         0.81810E+00
   0.484         0.12541E+01         0.81816E+00
   0.485         0.12540E+01         0.81823E+00
   0.486         0.12540E+01         0.81829E+00
   0.487         0.12539E+01         0.81835E+00
   0.488         0.12538E+01         0.81842E+00
   0.489         0.12537E+01         0.81848E+00
   0.490         0.12536E+01         0.81854E+00
   0.491         0.12535E+01         0.81860E+00
   0.492         0.12534E+01         0.81867E+00
   0.493         0.12533E+01         0.81873E+00
   0.494         0.12532E+01         0.81879E+00
   0.495         0.12531E+01         0.81885E+00
   0.496         0.12530E+01         0.81891E+00
   0.497         0.12529E+01         0.81897E+00
   0.498         0.12528E+01         0.81903E+00
   0.499         0.12528E+01         0.81909E+00
   0.500         0.12527E+01         0.81915E+00
   0.501         0.12526E+01         0.81921E+00
   0.502         0.12525E+01         0.81927E+00
   0.503         0.12524E+01         0.81933E+00
   0.504         0.12523E+01         0.81939E+00
   0.505         0.12522E+01         0.81945E+00
   0.506         0.12521E+01         0.81951E+00
   0.507         0.12521E+01         0.81956E+00
   0.508         0.12520E+01         0.81962E+00
   0.509         0.12519E+01         0.81968E+00
   0.510         0.12518E+01         0.81974E+00
   0.511         0.12517E+01         0.81979E+00
   0.512         0.12516E+01         0.81985E+00
   0.513         0.12515E+01         0.81991E+00
   0.514         0.12515E+01         0.81996E+00
   0.515         0.12514E+01         0.82002E+00
   0.516         0.12513E+01         0.82008E+00
   0.517         0.12512E+01         0.82013E+00
   0.518         0.12511E+01         0.82019E+00
   0.519         0.12510E+01         0.82024E+00
   0.520         0.12509E+01         0.82030E+00
   0.521         0.12509E+01         0.82035E+00
   0.522         0.12508E+01         0.82041E+00
   0.523         0.12507E+01         0.82046E+00
   0.524         0.12506E+01         0.82052E+00
   0.525         0.12505E+01         0.82057E+00
   0.526         0.12505E+01         0.82063E+00
   0.527         0.12504E+01         0.82068E+00
   0.528         0.12503E+01         0.82073E+00
   0.529         0.12502E+01         0.82079E+00
   0.530         0.12501E+01         0.82084E+00
   0.531         0.12501E+01         0.82089E+00
   0.532         0.12500E+01         0.82094E+00
   0.533         0.12499E+01         0.82100E+00
   0.534         0.12498E+01         0.82105E+00
   0.535         0.12497E+01         0.82110E+00
   0.536         0.12497E+01         0.82115E+00
   0.537         0.12496E+01         0.82120E+00
   0.538         0.12495E+01         0.82126E+00
   0.539         0.12494E+01         0.82131E+00
   0.540         0.12494E+01         0.82136E+00
   0.541         0.12493E+01         0.82141E+00
   0.542         0.12492E+01         0.82146E+00
   0.543         0.12491E+01         0.82151E+00
   0.544         0.12490E+01         0.82156E+00
   0.545         0.12490E+01         0.82161E+00
   0.546         0.12489E+01         0.82166E+00
   0.547         0.12488E+01         0.82171E+00
   0.548         0.12487E+01         0.82176E+00
   0.549         0.12487E+01         0.82181E+00
   0.550         0.12486E+01         0.82186E+00
   0.551         0.12485E+01         0.82191E+00
   0.552         0.12484E+01         0.82196E+00
   0.553         0.12484E+01         0.82200E+00
   0.554         0.12483E+01         0.82205E+00
   0.555         0.12482E+01         0.82210E+00
   0.556         0.12482E+01         0.82215E+00
   0.557         0.12481E+01         0.82220E+00
   0.558         0.12480E+01         0.82224E+00
   0.559         0.12479E+01         0.82229E+00
   0.560         0.12479E+01         0.82234E+00
   0.561         0.12478E+01         0.82239E+00
   0.562         0.12477E+01         0.82243E+00
   0.563         0.12477E+01         0.82248E+00
   0.564         0.12476E+01         0.82253E+00
   0.565         0.12475E+01         0.82257E+00
   0.566         0.12474E+01         0.82262E+00
   0.567         0.12474E+01         0.82267E+00
   0.568         0.12473E+01         0.82271E+00
   0.569         0.12472E+01         0.82276E+00
   0.570         0.12472E+01         0.82280E+00
   0.571         0.12471E+01         0.82285E+00
   0.572         0.12470E+01         0.82289E+00
   0.573         0.12470E+01         0.82294E+00
   0.574         0.12469E+01         0.82298E+00
   0.575         0.12468E+01         0.82303E+00
   0.576         0.12468E+01         0.82307E+00
   0.577         0.12467E+01         0.82312E+00
   0.578         0.12466E+01         0.82316E+00
   0.579         0.12465E+01         0.82321E+00
   0.580         0.12465E+01         0.82325E+00
   0.581         0.12464E+01         0.82329E+00
   0.582         0.12463E+01         0.82334E+00
   0.583         0.12463E+01         0.82338E+00
   0.584         0.12462E+01         0.82342E+00
   0.585         0.12462E+01         0.82347E+00
   0.586         0.12461E+01         0.82351E+00
   0.587         0.12460E+01         0.82355E+00
   0.588         0.12460E+01         0.82360E+00
   0.589         0.12459E+01         0.82364E+00
   0.590         0.12458E+01         0.82368E+00
   0.591         0.12458E+01         0.82372E+00
   0.592         0.12457E+01         0.82376E+00
   0.593         0.12456E+01         0.82381E+00
   0.594         0.12456E+01         0.82385E+00
   0.595         0.12455E+01         0.82389E+00
   0.596         0.12454E+01         0.82393E+00
   0.597         0.12454E+01         0.82397E+00
   0.598         0.12453E+01         0.82401E+00
   0.599         0.12453E+01         0.82405E+00
   0.600         0.12452E+01         0.82410E+00
   0.601         0.12451E+01         0.82414E+00
   0.602         0.12451E+01         0.82418E+00
   0.603         0.12450E+01         0.82422E+00
   0.604         0.12449E+01         0.82426E+00
   0.605         0.12449E+01         0.82430E+00
   0.606         0.12448E+01         0.82434E+00
   0.607         0.12448E+01         0.82438E+00
   0.608         0.12447E+01         0.82442E+00
   0.609         0.12446E+01         0.82446E+00
   0.610         0.12446E+01         0.82450E+00
   0.611         0.12445E+01         0.82454E+00
   0.612         0.12445E+01         0.82458E+00
   0.613         0.12444E+01         0.82461E+00
   0.614         0.12443E+01         0.82465E+00
   0.615         0.12443E+01         0.82469E+00
   0.616         0.12442E+01         0.82473E+00
   0.617         0.12442E+01         0.82477E+00
   0.618         0.12441E+01         0.82481E+00
   0.619         0.12440E+01         0.82485E+00
   0.620         0.12440E+01         0.82488E+00
   0.621         0.12439E+01         0.82492E+00
   0.622         0.12439E+01         0.82496E+00
   0.623         0.12438E+01         0.82500E+00
   0.624         0.12437E+01         0.82504E+00
   0.625         0.12437E+01         0.82507E+00
   0.626         0.12436E+01         0.82511E+00
   0.627         0.12436E+01         0.82515E+00
   0.628         0.12435E+01         0.82518E+00
   0.629         0.12435E+01         0.82522E+00
   0.630         0.12434E+01         0.82526E+00
   0.631         0.12433E+01         0.82529E+00
   0.632         0.12433E+01         0.82533E+00
   0.633         0.12432E+01         0.82537E+00
   0.634         0.12432E+01         0.82540E+00
   0.635         0.12431E+01         0.82544E+00
   0.636         0.12431E+01         0.82548E+00
   0.637         0.12430E+01         0.82551E+00
   0.638         0.12430E+01         0.82555E+00
   0.639         0.12429E+01         0.82558E+00
   0.640         0.12428E+01         0.82562E+00
   0.641         0.12428E+01         0.82565E+00
   0.642         0.12427E+01         0.82569E+00
   0.643         0.12427E+01         0.82573E+00
   0.644         0.12426E+01         0.82576E+00
   0.645         0.12426E+01         0.82580E+00
   0.646         0.12425E+01         0.82583E+00
   0.647         0.12425E+01         0.82586E+00
   0.648         0.12424E+01         0.82590E+00
   0.649         0.12424E+01         0.82593E+00
   0.650         0.12423E+01         0.82597E+00
