 #------------------------------------
 # Tkin (MeV)   f_electron f_positron 
 #------------------------------------
   0.000         0.97100E+02         0.61313E-28
   0.001         0.29305E+02         0.22259E-07
   0.002         0.21092E+02         0.47435E-05
   0.003         0.17087E+02         0.46779E-04
   0.004         0.14621E+02         0.17529E-03
   0.005         0.12955E+02         0.43574E-03
   0.006         0.11757E+02         0.87284E-03
   0.007         0.10853E+02         0.15291E-02
   0.008         0.10143E+02         0.24400E-02
   0.009         0.95683E+01         0.36314E-02
   0.010         0.90918E+01         0.51175E-02
   0.011         0.86885E+01         0.69023E-02
   0.012         0.83416E+01         0.89808E-02
   0.013         0.80390E+01         0.11341E-01
   0.014         0.77721E+01         0.13967E-01
   0.015         0.75343E+01         0.16837E-01
   0.016         0.73206E+01         0.19931E-01
   0.017         0.71273E+01         0.23226E-01
   0.018         0.69513E+01         0.26700E-01
   0.019         0.67901E+01         0.30330E-01
   0.020         0.66417E+01         0.34098E-01
   0.021         0.65046E+01         0.37983E-01
   0.022         0.63774E+01         0.41967E-01
   0.023         0.62589E+01         0.46035E-01
   0.024         0.61482E+01         0.50171E-01
   0.025         0.60445E+01         0.54363E-01
   0.026         0.59471E+01         0.58597E-01
   0.027         0.58554E+01         0.62863E-01
   0.028         0.57688E+01         0.67151E-01
   0.029         0.56869E+01         0.71453E-01
   0.030         0.56093E+01         0.75760E-01
   0.031         0.55357E+01         0.80066E-01
   0.032         0.54656E+01         0.84365E-01
   0.033         0.53989E+01         0.88651E-01
   0.034         0.53353E+01         0.92921E-01
   0.035         0.52746E+01         0.97168E-01
   0.036         0.52165E+01         0.10139E+00
   0.037         0.51609E+01         0.10559E+00
   0.038         0.51076E+01         0.10975E+00
   0.039         0.50565E+01         0.11388E+00
   0.040         0.50073E+01         0.11797E+00
   0.041         0.49601E+01         0.12203E+00
   0.042         0.49146E+01         0.12605E+00
   0.043         0.48709E+01         0.13003E+00
   0.044         0.48287E+01         0.13397E+00
   0.045         0.47879E+01         0.13787E+00
   0.046         0.47486E+01         0.14173E+00
   0.047         0.47107E+01         0.14554E+00
   0.048         0.46739E+01         0.14931E+00
   0.049         0.46384E+01         0.15304E+00
   0.050         0.46040E+01         0.15673E+00
   0.051         0.45707E+01         0.16037E+00
   0.052         0.45384E+01         0.16397E+00
   0.053         0.45071E+01         0.16752E+00
   0.054         0.44767E+01         0.17103E+00
   0.055         0.44472E+01         0.17450E+00
   0.056         0.44185E+01         0.17793E+00
   0.057         0.43906E+01         0.18131E+00
   0.058         0.43636E+01         0.18465E+00
   0.059         0.43372E+01         0.18795E+00
   0.060         0.43116E+01         0.19121E+00
   0.061         0.42866E+01         0.19443E+00
   0.062         0.42623E+01         0.19761E+00
   0.063         0.42386E+01         0.20075E+00
   0.064         0.42155E+01         0.20385E+00
   0.065         0.41930E+01         0.20691E+00
   0.066         0.41710E+01         0.20993E+00
   0.067         0.41496E+01         0.21292E+00
   0.068         0.41287E+01         0.21586E+00
   0.069         0.41082E+01         0.21877E+00
   0.070         0.40883E+01         0.22165E+00
   0.071         0.40688E+01         0.22449E+00
   0.072         0.40497E+01         0.22729E+00
   0.073         0.40311E+01         0.23006E+00
   0.074         0.40128E+01         0.23279E+00
   0.075         0.39950E+01         0.23549E+00
   0.076         0.39776E+01         0.23816E+00
   0.077         0.39605E+01         0.24079E+00
   0.078         0.39438E+01         0.24339E+00
   0.079         0.39274E+01         0.24596E+00
   0.080         0.39113E+01         0.24850E+00
   0.081         0.38956E+01         0.25101E+00
   0.082         0.38802E+01         0.25349E+00
   0.083         0.38651E+01         0.25594E+00
   0.084         0.38503E+01         0.25836E+00
   0.085         0.38358E+01         0.26075E+00
   0.086         0.38216E+01         0.26311E+00
   0.087         0.38076E+01         0.26544E+00
   0.088         0.37939E+01         0.26775E+00
   0.089         0.37804E+01         0.27003E+00
   0.090         0.37672E+01         0.27228E+00
   0.091         0.37543E+01         0.27450E+00
   0.092         0.37415E+01         0.27670E+00
   0.093         0.37290E+01         0.27888E+00
   0.094         0.37167E+01         0.28103E+00
   0.095         0.37047E+01         0.28315E+00
   0.096         0.36928E+01         0.28525E+00
   0.097         0.36811E+01         0.28733E+00
   0.098         0.36697E+01         0.28938E+00
   0.099         0.36584E+01         0.29141E+00
   0.100         0.36473E+01         0.29342E+00
   0.101         0.36364E+01         0.29540E+00
   0.102         0.36257E+01         0.29737E+00
   0.103         0.36151E+01         0.29931E+00
   0.104         0.36047E+01         0.30123E+00
   0.105         0.35945E+01         0.30313E+00
   0.106         0.35845E+01         0.30500E+00
   0.107         0.35746E+01         0.30686E+00
   0.108         0.35648E+01         0.30870E+00
   0.109         0.35552E+01         0.31051E+00
   0.110         0.35458E+01         0.31231E+00
   0.111         0.35364E+01         0.31409E+00
   0.112         0.35273E+01         0.31585E+00
   0.113         0.35182E+01         0.31759E+00
   0.114         0.35093E+01         0.31931E+00
   0.115         0.35005E+01         0.32102E+00
   0.116         0.34919E+01         0.32270E+00
   0.117         0.34834E+01         0.32437E+00
   0.118         0.34750E+01         0.32602E+00
   0.119         0.34667E+01         0.32766E+00
   0.120         0.34585E+01         0.32927E+00
   0.121         0.34505E+01         0.33087E+00
   0.122         0.34425E+01         0.33246E+00
   0.123         0.34347E+01         0.33403E+00
   0.124         0.34269E+01         0.33558E+00
   0.125         0.34193E+01         0.33711E+00
   0.126         0.34118E+01         0.33864E+00
   0.127         0.34044E+01         0.34014E+00
   0.128         0.33970E+01         0.34163E+00
   0.129         0.33898E+01         0.34311E+00
   0.130         0.33827E+01         0.34457E+00
   0.131         0.33756E+01         0.34602E+00
   0.132         0.33687E+01         0.34745E+00
   0.133         0.33618E+01         0.34887E+00
   0.134         0.33550E+01         0.35028E+00
   0.135         0.33483E+01         0.35167E+00
   0.136         0.33417E+01         0.35305E+00
   0.137         0.33352E+01         0.35441E+00
   0.138         0.33287E+01         0.35576E+00
   0.139         0.33224E+01         0.35710E+00
   0.140         0.33161E+01         0.35843E+00
   0.141         0.33099E+01         0.35974E+00
   0.142         0.33037E+01         0.36104E+00
   0.143         0.32976E+01         0.36233E+00
   0.144         0.32916E+01         0.36361E+00
   0.145         0.32857E+01         0.36488E+00
   0.146         0.32799E+01         0.36613E+00
   0.147         0.32741E+01         0.36737E+00
   0.148         0.32683E+01         0.36860E+00
   0.149         0.32627E+01         0.36982E+00
   0.150         0.32571E+01         0.37103E+00
   0.151         0.32515E+01         0.37223E+00
   0.152         0.32461E+01         0.37342E+00
   0.153         0.32407E+01         0.37459E+00
   0.154         0.32353E+01         0.37576E+00
   0.155         0.32300E+01         0.37691E+00
   0.156         0.32248E+01         0.37806E+00
   0.157         0.32196E+01         0.37919E+00
   0.158         0.32145E+01         0.38032E+00
   0.159         0.32094E+01         0.38143E+00
   0.160         0.32044E+01         0.38253E+00
   0.161         0.31994E+01         0.38363E+00
   0.162         0.31945E+01         0.38472E+00
   0.163         0.31897E+01         0.38579E+00
   0.164         0.31849E+01         0.38686E+00
   0.165         0.31801E+01         0.38792E+00
   0.166         0.31754E+01         0.38896E+00
   0.167         0.31708E+01         0.39000E+00
   0.168         0.31662E+01         0.39104E+00
   0.169         0.31616E+01         0.39206E+00
   0.170         0.31571E+01         0.39307E+00
   0.171         0.31526E+01         0.39408E+00
   0.172         0.31482E+01         0.39507E+00
   0.173         0.31438E+01         0.39606E+00
   0.174         0.31395E+01         0.39704E+00
   0.175         0.31352E+01         0.39801E+00
   0.176         0.31309E+01         0.39897E+00
   0.177         0.31267E+01         0.39993E+00
   0.178         0.31225E+01         0.40088E+00
   0.179         0.31184E+01         0.40182E+00
   0.180         0.31143E+01         0.40275E+00
   0.181         0.31102E+01         0.40367E+00
   0.182         0.31062E+01         0.40459E+00
   0.183         0.31022E+01         0.40550E+00
   0.184         0.30983E+01         0.40640E+00
   0.185         0.30944E+01         0.40730E+00
   0.186         0.30905E+01         0.40819E+00
   0.187         0.30867E+01         0.40907E+00
   0.188         0.30829E+01         0.40994E+00
   0.189         0.30791E+01         0.41081E+00
   0.190         0.30754E+01         0.41167E+00
   0.191         0.30717E+01         0.41252E+00
   0.192         0.30680E+01         0.41337E+00
   0.193         0.30644E+01         0.41421E+00
   0.194         0.30608E+01         0.41504E+00
   0.195         0.30573E+01         0.41587E+00
   0.196         0.30537E+01         0.41669E+00
   0.197         0.30502E+01         0.41750E+00
   0.198         0.30467E+01         0.41831E+00
   0.199         0.30433E+01         0.41911E+00
   0.200         0.30399E+01         0.41991E+00
   0.201         0.30365E+01         0.42070E+00
   0.202         0.30332E+01         0.42148E+00
   0.203         0.30298E+01         0.42226E+00
   0.204         0.30265E+01         0.42303E+00
   0.205         0.30233E+01         0.42380E+00
   0.206         0.30200E+01         0.42456E+00
   0.207         0.30168E+01         0.42531E+00
   0.208         0.30136E+01         0.42606E+00
   0.209         0.30105E+01         0.42680E+00
   0.210         0.30073E+01         0.42754E+00
   0.211         0.30042E+01         0.42827E+00
   0.212         0.30011E+01         0.42900E+00
   0.213         0.29981E+01         0.42972E+00
   0.214         0.29950E+01         0.43044E+00
   0.215         0.29920E+01         0.43115E+00
   0.216         0.29890E+01         0.43185E+00
   0.217         0.29861E+01         0.43255E+00
   0.218         0.29831E+01         0.43325E+00
   0.219         0.29802E+01         0.43394E+00
   0.220         0.29773E+01         0.43463E+00
   0.221         0.29745E+01         0.43531E+00
   0.222         0.29716E+01         0.43598E+00
   0.223         0.29688E+01         0.43665E+00
   0.224         0.29660E+01         0.43732E+00
   0.225         0.29632E+01         0.43798E+00
   0.226         0.29605E+01         0.43864E+00
   0.227         0.29577E+01         0.43929E+00
   0.228         0.29550E+01         0.43994E+00
   0.229         0.29523E+01         0.44058E+00
   0.230         0.29496E+01         0.44122E+00
   0.231         0.29470E+01         0.44185E+00
   0.232         0.29444E+01         0.44248E+00
   0.233         0.29417E+01         0.44311E+00
   0.234         0.29391E+01         0.44373E+00
   0.235         0.29366E+01         0.44434E+00
   0.236         0.29340E+01         0.44496E+00
   0.237         0.29315E+01         0.44556E+00
   0.238         0.29290E+01         0.44617E+00
   0.239         0.29264E+01         0.44677E+00
   0.240         0.29240E+01         0.44736E+00
   0.241         0.29215E+01         0.44795E+00
   0.242         0.29191E+01         0.44854E+00
   0.243         0.29166E+01         0.44912E+00
   0.244         0.29142E+01         0.44970E+00
   0.245         0.29118E+01         0.45028E+00
   0.246         0.29094E+01         0.45085E+00
   0.247         0.29071E+01         0.45142E+00
   0.248         0.29047E+01         0.45198E+00
   0.249         0.29024E+01         0.45254E+00
   0.250         0.29001E+01         0.45310E+00
   0.251         0.28978E+01         0.45365E+00
   0.252         0.28955E+01         0.45420E+00
   0.253         0.28933E+01         0.45475E+00
   0.254         0.28910E+01         0.45529E+00
   0.255         0.28888E+01         0.45583E+00
   0.256         0.28866E+01         0.45636E+00
   0.257         0.28844E+01         0.45690E+00
   0.258         0.28822E+01         0.45742E+00
   0.259         0.28800E+01         0.45795E+00
   0.260         0.28778E+01         0.45847E+00
   0.261         0.28757E+01         0.45899E+00
   0.262         0.28736E+01         0.45950E+00
   0.263         0.28714E+01         0.46001E+00
   0.264         0.28693E+01         0.46052E+00
   0.265         0.28673E+01         0.46103E+00
   0.266         0.28652E+01         0.46153E+00
   0.267         0.28631E+01         0.46202E+00
   0.268         0.28611E+01         0.46252E+00
   0.269         0.28590E+01         0.46301E+00
   0.270         0.28570E+01         0.46350E+00
   0.271         0.28550E+01         0.46399E+00
   0.272         0.28530E+01         0.46447E+00
   0.273         0.28510E+01         0.46495E+00
   0.274         0.28491E+01         0.46542E+00
   0.275         0.28471E+01         0.46590E+00
   0.276         0.28452E+01         0.46637E+00
   0.277         0.28433E+01         0.46684E+00
   0.278         0.28413E+01         0.46730E+00
   0.279         0.28394E+01         0.46776E+00
   0.280         0.28375E+01         0.46822E+00
   0.281         0.28357E+01         0.46868E+00
   0.282         0.28338E+01         0.46913E+00
   0.283         0.28319E+01         0.46958E+00
   0.284         0.28301E+01         0.47003E+00
   0.285         0.28282E+01         0.47048E+00
   0.286         0.28264E+01         0.47092E+00
   0.287         0.28246E+01         0.47136E+00
   0.288         0.28228E+01         0.47179E+00
   0.289         0.28210E+01         0.47223E+00
   0.290         0.28192E+01         0.47266E+00
   0.291         0.28175E+01         0.47309E+00
   0.292         0.28157E+01         0.47352E+00
   0.293         0.28140E+01         0.47394E+00
   0.294         0.28122E+01         0.47436E+00
   0.295         0.28105E+01         0.47478E+00
   0.296         0.28088E+01         0.47520E+00
   0.297         0.28071E+01         0.47561E+00
   0.298         0.28054E+01         0.47602E+00
   0.299         0.28037E+01         0.47643E+00
   0.300         0.28020E+01         0.47684E+00
   0.301         0.28003E+01         0.47724E+00
   0.302         0.27987E+01         0.47764E+00
   0.303         0.27970E+01         0.47804E+00
   0.304         0.27954E+01         0.47844E+00
   0.305         0.27938E+01         0.47884E+00
   0.306         0.27921E+01         0.47923E+00
   0.307         0.27905E+01         0.47962E+00
   0.308         0.27889E+01         0.48001E+00
   0.309         0.27873E+01         0.48039E+00
   0.310         0.27858E+01         0.48078E+00
   0.311         0.27842E+01         0.48116E+00
   0.312         0.27826E+01         0.48154E+00
   0.313         0.27811E+01         0.48191E+00
   0.314         0.27795E+01         0.48229E+00
   0.315         0.27780E+01         0.48266E+00
   0.316         0.27765E+01         0.48303E+00
   0.317         0.27749E+01         0.48340E+00
   0.318         0.27734E+01         0.48376E+00
   0.319         0.27719E+01         0.48413E+00
   0.320         0.27704E+01         0.48449E+00
   0.321         0.27689E+01         0.48485E+00
   0.322         0.27675E+01         0.48521E+00
   0.323         0.27660E+01         0.48556E+00
   0.324         0.27645E+01         0.48592E+00
   0.325         0.27631E+01         0.48627E+00
   0.326         0.27616E+01         0.48662E+00
   0.327         0.27602E+01         0.48697E+00
   0.328         0.27588E+01         0.48731E+00
   0.329         0.27573E+01         0.48766E+00
   0.330         0.27559E+01         0.48800E+00
   0.331         0.27545E+01         0.48834E+00
   0.332         0.27531E+01         0.48868E+00
   0.333         0.27517E+01         0.48901E+00
   0.334         0.27503E+01         0.48935E+00
   0.335         0.27489E+01         0.48968E+00
   0.336         0.27476E+01         0.49001E+00
   0.337         0.27462E+01         0.49034E+00
   0.338         0.27449E+01         0.49067E+00
   0.339         0.27435E+01         0.49099E+00
   0.340         0.27422E+01         0.49132E+00
   0.341         0.27408E+01         0.49164E+00
   0.342         0.27395E+01         0.49196E+00
   0.343         0.27382E+01         0.49228E+00
   0.344         0.27369E+01         0.49260E+00
   0.345         0.27355E+01         0.49291E+00
   0.346         0.27342E+01         0.49322E+00
   0.347         0.27330E+01         0.49354E+00
   0.348         0.27317E+01         0.49385E+00
   0.349         0.27304E+01         0.49415E+00
   0.350         0.27291E+01         0.49446E+00
   0.351         0.27278E+01         0.49477E+00
   0.352         0.27266E+01         0.49507E+00
   0.353         0.27253E+01         0.49537E+00
   0.354         0.27241E+01         0.49567E+00
   0.355         0.27228E+01         0.49597E+00
   0.356         0.27216E+01         0.49627E+00
   0.357         0.27204E+01         0.49656E+00
   0.358         0.27191E+01         0.49686E+00
   0.359         0.27179E+01         0.49715E+00
   0.360         0.27167E+01         0.49744E+00
   0.361         0.27155E+01         0.49773E+00
   0.362         0.27143E+01         0.49801E+00
   0.363         0.27131E+01         0.49830E+00
   0.364         0.27119E+01         0.49859E+00
   0.365         0.27107E+01         0.49887E+00
   0.366         0.27095E+01         0.49915E+00
   0.367         0.27084E+01         0.49943E+00
   0.368         0.27072E+01         0.49971E+00
   0.369         0.27060E+01         0.49999E+00
   0.370         0.27049E+01         0.50026E+00
   0.371         0.27037E+01         0.50054E+00
   0.372         0.27026E+01         0.50081E+00
   0.373         0.27015E+01         0.50108E+00
   0.374         0.27003E+01         0.50135E+00
   0.375         0.26992E+01         0.50162E+00
   0.376         0.26981E+01         0.50189E+00
   0.377         0.26970E+01         0.50215E+00
   0.378         0.26958E+01         0.50242E+00
   0.379         0.26947E+01         0.50268E+00
   0.380         0.26936E+01         0.50294E+00
   0.381         0.26925E+01         0.50320E+00
   0.382         0.26914E+01         0.50346E+00
   0.383         0.26904E+01         0.50372E+00
   0.384         0.26893E+01         0.50398E+00
   0.385         0.26882E+01         0.50423E+00
   0.386         0.26871E+01         0.50449E+00
   0.387         0.26861E+01         0.50474E+00
   0.388         0.26850E+01         0.50499E+00
   0.389         0.26839E+01         0.50524E+00
   0.390         0.26829E+01         0.50549E+00
   0.391         0.26818E+01         0.50574E+00
   0.392         0.26808E+01         0.50599E+00
   0.393         0.26798E+01         0.50623E+00
   0.394         0.26787E+01         0.50647E+00
   0.395         0.26777E+01         0.50672E+00
   0.396         0.26767E+01         0.50696E+00
   0.397         0.26757E+01         0.50720E+00
   0.398         0.26746E+01         0.50744E+00
   0.399         0.26736E+01         0.50768E+00
   0.400         0.26726E+01         0.50791E+00
   0.401         0.26716E+01         0.50815E+00
   0.402         0.26706E+01         0.50838E+00
   0.403         0.26696E+01         0.50862E+00
   0.404         0.26687E+01         0.50885E+00
   0.405         0.26677E+01         0.50908E+00
   0.406         0.26667E+01         0.50931E+00
   0.407         0.26657E+01         0.50954E+00
   0.408         0.26647E+01         0.50977E+00
   0.409         0.26638E+01         0.50999E+00
   0.410         0.26628E+01         0.51022E+00
   0.411         0.26619E+01         0.51044E+00
   0.412         0.26609E+01         0.51067E+00
   0.413         0.26600E+01         0.51089E+00
   0.414         0.26590E+01         0.51111E+00
   0.415         0.26581E+01         0.51133E+00
   0.416         0.26571E+01         0.51155E+00
   0.417         0.26562E+01         0.51177E+00
   0.418         0.26553E+01         0.51198E+00
   0.419         0.26543E+01         0.51220E+00
   0.420         0.26534E+01         0.51241E+00
   0.421         0.26525E+01         0.51263E+00
   0.422         0.26516E+01         0.51284E+00
   0.423         0.26507E+01         0.51305E+00
   0.424         0.26498E+01         0.51326E+00
   0.425         0.26489E+01         0.51347E+00
   0.426         0.26480E+01         0.51368E+00
   0.427         0.26471E+01         0.51389E+00
   0.428         0.26462E+01         0.51410E+00
   0.429         0.26453E+01         0.51430E+00
   0.430         0.26444E+01         0.51451E+00
   0.431         0.26435E+01         0.51471E+00
   0.432         0.26427E+01         0.51491E+00
   0.433         0.26418E+01         0.51512E+00
   0.434         0.26409E+01         0.51532E+00
   0.435         0.26400E+01         0.51552E+00
   0.436         0.26392E+01         0.51572E+00
   0.437         0.26383E+01         0.51591E+00
   0.438         0.26375E+01         0.51611E+00
   0.439         0.26366E+01         0.51631E+00
   0.440         0.26358E+01         0.51650E+00
   0.441         0.26349E+01         0.51670E+00
   0.442         0.26341E+01         0.51689E+00
   0.443         0.26332E+01         0.51708E+00
   0.444         0.26324E+01         0.51728E+00
   0.445         0.26316E+01         0.51747E+00
   0.446         0.26308E+01         0.51766E+00
   0.447         0.26299E+01         0.51785E+00
   0.448         0.26291E+01         0.51803E+00
   0.449         0.26283E+01         0.51822E+00
   0.450         0.26275E+01         0.51841E+00
   0.451         0.26267E+01         0.51859E+00
   0.452         0.26259E+01         0.51878E+00
   0.453         0.26251E+01         0.51896E+00
   0.454         0.26242E+01         0.51914E+00
   0.455         0.26235E+01         0.51933E+00
   0.456         0.26227E+01         0.51951E+00
   0.457         0.26219E+01         0.51969E+00
   0.458         0.26211E+01         0.51987E+00
   0.459         0.26203E+01         0.52005E+00
   0.460         0.26195E+01         0.52023E+00
   0.461         0.26187E+01         0.52040E+00
   0.462         0.26179E+01         0.52058E+00
   0.463         0.26172E+01         0.52076E+00
   0.464         0.26164E+01         0.52093E+00
   0.465         0.26156E+01         0.52110E+00
   0.466         0.26149E+01         0.52128E+00
   0.467         0.26141E+01         0.52145E+00
   0.468         0.26133E+01         0.52162E+00
   0.469         0.26126E+01         0.52179E+00
   0.470         0.26118E+01         0.52196E+00
   0.471         0.26111E+01         0.52213E+00
   0.472         0.26103E+01         0.52230E+00
   0.473         0.26096E+01         0.52247E+00
   0.474         0.26088E+01         0.52264E+00
   0.475         0.26081E+01         0.52280E+00
   0.476         0.26074E+01         0.52297E+00
   0.477         0.26066E+01         0.52313E+00
   0.478         0.26059E+01         0.52330E+00
   0.479         0.26052E+01         0.52346E+00
   0.480         0.26044E+01         0.52362E+00
   0.481         0.26037E+01         0.52379E+00
   0.482         0.26030E+01         0.52395E+00
   0.483         0.26023E+01         0.52411E+00
   0.484         0.26016E+01         0.52427E+00
   0.485         0.26009E+01         0.52443E+00
   0.486         0.26001E+01         0.52459E+00
   0.487         0.25994E+01         0.52474E+00
   0.488         0.25987E+01         0.52490E+00
   0.489         0.25980E+01         0.52506E+00
   0.490         0.25973E+01         0.52521E+00
   0.491         0.25966E+01         0.52537E+00
   0.492         0.25959E+01         0.52552E+00
   0.493         0.25953E+01         0.52568E+00
   0.494         0.25946E+01         0.52583E+00
   0.495         0.25939E+01         0.52598E+00
   0.496         0.25932E+01         0.52613E+00
   0.497         0.25925E+01         0.52628E+00
   0.498         0.25918E+01         0.52643E+00
   0.499         0.25911E+01         0.52658E+00
   0.500         0.25905E+01         0.52673E+00
   0.501         0.25898E+01         0.52688E+00
   0.502         0.25891E+01         0.52703E+00
   0.503         0.25885E+01         0.52718E+00
   0.504         0.25878E+01         0.52732E+00
   0.505         0.25871E+01         0.52747E+00
   0.506         0.25865E+01         0.52761E+00
   0.507         0.25858E+01         0.52776E+00
   0.508         0.25852E+01         0.52790E+00
   0.509         0.25845E+01         0.52805E+00
   0.510         0.25839E+01         0.52819E+00
   0.511         0.25832E+01         0.52833E+00
   0.512         0.25826E+01         0.52847E+00
   0.513         0.25819E+01         0.52861E+00
   0.514         0.25813E+01         0.52875E+00
   0.515         0.25806E+01         0.52889E+00
   0.516         0.25800E+01         0.52903E+00
   0.517         0.25794E+01         0.52917E+00
   0.518         0.25787E+01         0.52931E+00
   0.519         0.25781E+01         0.52945E+00
   0.520         0.25775E+01         0.52958E+00
   0.521         0.25768E+01         0.52972E+00
   0.522         0.25762E+01         0.52986E+00
   0.523         0.25756E+01         0.52999E+00
   0.524         0.25750E+01         0.53013E+00
   0.525         0.25743E+01         0.53026E+00
   0.526         0.25737E+01         0.53039E+00
   0.527         0.25731E+01         0.53053E+00
   0.528         0.25725E+01         0.53066E+00
   0.529         0.25719E+01         0.53079E+00
   0.530         0.25713E+01         0.53092E+00
   0.531         0.25707E+01         0.53105E+00
   0.532         0.25701E+01         0.53118E+00
   0.533         0.25695E+01         0.53131E+00
   0.534         0.25689E+01         0.53144E+00
   0.535         0.25683E+01         0.53157E+00
   0.536         0.25677E+01         0.53170E+00
   0.537         0.25671E+01         0.53182E+00
   0.538         0.25665E+01         0.53195E+00
   0.539         0.25659E+01         0.53208E+00
   0.540         0.25653E+01         0.53220E+00
   0.541         0.25647E+01         0.53233E+00
   0.542         0.25641E+01         0.53245E+00
   0.543         0.25636E+01         0.53258E+00
   0.544         0.25630E+01         0.53270E+00
   0.545         0.25624E+01         0.53282E+00
   0.546         0.25618E+01         0.53295E+00
   0.547         0.25613E+01         0.53307E+00
   0.548         0.25607E+01         0.53319E+00
   0.549         0.25601E+01         0.53331E+00
   0.550         0.25595E+01         0.53343E+00
   0.551         0.25590E+01         0.53355E+00
   0.552         0.25584E+01         0.53367E+00
   0.553         0.25578E+01         0.53379E+00
   0.554         0.25573E+01         0.53391E+00
   0.555         0.25567E+01         0.53403E+00
   0.556         0.25562E+01         0.53414E+00
   0.557         0.25556E+01         0.53426E+00
   0.558         0.25550E+01         0.53438E+00
   0.559         0.25545E+01         0.53449E+00
   0.560         0.25539E+01         0.53461E+00
   0.561         0.25534E+01         0.53473E+00
   0.562         0.25528E+01         0.53484E+00
   0.563         0.25523E+01         0.53496E+00
   0.564         0.25518E+01         0.53507E+00
   0.565         0.25512E+01         0.53518E+00
   0.566         0.25507E+01         0.53530E+00
   0.567         0.25501E+01         0.53541E+00
   0.568         0.25496E+01         0.53552E+00
   0.569         0.25491E+01         0.53563E+00
   0.570         0.25485E+01         0.53574E+00
   0.571         0.25480E+01         0.53585E+00
   0.572         0.25475E+01         0.53596E+00
   0.573         0.25469E+01         0.53607E+00
   0.574         0.25464E+01         0.53618E+00
   0.575         0.25459E+01         0.53629E+00
   0.576         0.25454E+01         0.53640E+00
   0.577         0.25448E+01         0.53651E+00
   0.578         0.25443E+01         0.53662E+00
   0.579         0.25438E+01         0.53672E+00
   0.580         0.25433E+01         0.53683E+00
   0.581         0.25428E+01         0.53694E+00
   0.582         0.25422E+01         0.53704E+00
   0.583         0.25417E+01         0.53715E+00
   0.584         0.25412E+01         0.53725E+00
   0.585         0.25407E+01         0.53736E+00
   0.586         0.25402E+01         0.53746E+00
   0.587         0.25397E+01         0.53757E+00
   0.588         0.25392E+01         0.53767E+00
   0.589         0.25387E+01         0.53777E+00
   0.590         0.25382E+01         0.53787E+00
   0.591         0.25377E+01         0.53798E+00
   0.592         0.25372E+01         0.53808E+00
   0.593         0.25367E+01         0.53818E+00
   0.594         0.25362E+01         0.53828E+00
   0.595         0.25357E+01         0.53838E+00
   0.596         0.25352E+01         0.53848E+00
   0.597         0.25347E+01         0.53858E+00
   0.598         0.25342E+01         0.53868E+00
   0.599         0.25337E+01         0.53878E+00
   0.600         0.25332E+01         0.53888E+00
   0.601         0.25328E+01         0.53898E+00
   0.602         0.25323E+01         0.53907E+00
   0.603         0.25318E+01         0.53917E+00
   0.604         0.25313E+01         0.53927E+00
   0.605         0.25308E+01         0.53937E+00
   0.606         0.25303E+01         0.53946E+00
   0.607         0.25299E+01         0.53956E+00
   0.608         0.25294E+01         0.53965E+00
   0.609         0.25289E+01         0.53975E+00
   0.610         0.25284E+01         0.53984E+00
   0.611         0.25280E+01         0.53994E+00
   0.612         0.25275E+01         0.54003E+00
   0.613         0.25270E+01         0.54013E+00
   0.614         0.25266E+01         0.54022E+00
   0.615         0.25261E+01         0.54031E+00
   0.616         0.25256E+01         0.54040E+00
   0.617         0.25252E+01         0.54050E+00
   0.618         0.25247E+01         0.54059E+00
   0.619         0.25242E+01         0.54068E+00
   0.620         0.25238E+01         0.54077E+00
   0.621         0.25233E+01         0.54086E+00
   0.622         0.25229E+01         0.54095E+00
   0.623         0.25224E+01         0.54104E+00
   0.624         0.25220E+01         0.54113E+00
   0.625         0.25215E+01         0.54122E+00
   0.626         0.25210E+01         0.54131E+00
   0.627         0.25206E+01         0.54140E+00
   0.628         0.25201E+01         0.54149E+00
   0.629         0.25197E+01         0.54158E+00
   0.630         0.25193E+01         0.54166E+00
   0.631         0.25188E+01         0.54175E+00
   0.632         0.25184E+01         0.54184E+00
   0.633         0.25179E+01         0.54193E+00
   0.634         0.25175E+01         0.54201E+00
   0.635         0.25170E+01         0.54210E+00
   0.636         0.25166E+01         0.54218E+00
   0.637         0.25162E+01         0.54227E+00
   0.638         0.25157E+01         0.54235E+00
   0.639         0.25153E+01         0.54244E+00
   0.640         0.25148E+01         0.54252E+00
   0.641         0.25144E+01         0.54261E+00
   0.642         0.25140E+01         0.54269E+00
   0.643         0.25136E+01         0.54277E+00
   0.644         0.25131E+01         0.54286E+00
   0.645         0.25127E+01         0.54294E+00
   0.646         0.25123E+01         0.54302E+00
   0.647         0.25118E+01         0.54310E+00
   0.648         0.25114E+01         0.54319E+00
   0.649         0.25110E+01         0.54327E+00
   0.650         0.25106E+01         0.54335E+00
   0.651         0.25101E+01         0.54343E+00
   0.652         0.25097E+01         0.54351E+00
   0.653         0.25093E+01         0.54359E+00
   0.654         0.25089E+01         0.54367E+00
   0.655         0.25085E+01         0.54375E+00
   0.656         0.25081E+01         0.54383E+00
   0.657         0.25076E+01         0.54391E+00
   0.658         0.25072E+01         0.54399E+00
   0.659         0.25068E+01         0.54407E+00
   0.660         0.25064E+01         0.54415E+00
   0.661         0.25060E+01         0.54422E+00
   0.662         0.25056E+01         0.54430E+00
   0.663         0.25052E+01         0.54438E+00
   0.664         0.25048E+01         0.54446E+00
   0.665         0.25044E+01         0.54453E+00
   0.666         0.25039E+01         0.54461E+00
   0.667         0.25035E+01         0.54468E+00
   0.668         0.25031E+01         0.54476E+00
   0.669         0.25027E+01         0.54484E+00
   0.670         0.25023E+01         0.54491E+00
   0.671         0.25019E+01         0.54499E+00
   0.672         0.25015E+01         0.54506E+00
   0.673         0.25011E+01         0.54514E+00
   0.674         0.25007E+01         0.54521E+00
   0.675         0.25004E+01         0.54528E+00
   0.676         0.25000E+01         0.54536E+00
   0.677         0.24996E+01         0.54543E+00
   0.678         0.24992E+01         0.54550E+00
   0.679         0.24988E+01         0.54558E+00
   0.680         0.24984E+01         0.54565E+00
   0.681         0.24980E+01         0.54572E+00
   0.682         0.24976E+01         0.54579E+00
   0.683         0.24972E+01         0.54587E+00
   0.684         0.24968E+01         0.54594E+00
   0.685         0.24965E+01         0.54601E+00
   0.686         0.24961E+01         0.54608E+00
   0.687         0.24957E+01         0.54615E+00
   0.688         0.24953E+01         0.54622E+00
   0.689         0.24949E+01         0.54629E+00
   0.690         0.24945E+01         0.54636E+00
   0.691         0.24942E+01         0.54643E+00
   0.692         0.24938E+01         0.54650E+00
   0.693         0.24934E+01         0.54657E+00
   0.694         0.24930E+01         0.54664E+00
   0.695         0.24926E+01         0.54671E+00
   0.696         0.24923E+01         0.54677E+00
   0.697         0.24919E+01         0.54684E+00
   0.698         0.24915E+01         0.54691E+00
   0.699         0.24912E+01         0.54698E+00
   0.700         0.24908E+01         0.54705E+00
   0.701         0.24904E+01         0.54711E+00
   0.702         0.24900E+01         0.54718E+00
   0.703         0.24897E+01         0.54725E+00
   0.704         0.24893E+01         0.54731E+00
   0.705         0.24889E+01         0.54738E+00
   0.706         0.24886E+01         0.54744E+00
   0.707         0.24882E+01         0.54751E+00
   0.708         0.24878E+01         0.54758E+00
   0.709         0.24875E+01         0.54764E+00
   0.710         0.24871E+01         0.54771E+00
   0.711         0.24868E+01         0.54777E+00
   0.712         0.24864E+01         0.54784E+00
   0.713         0.24860E+01         0.54790E+00
   0.714         0.24857E+01         0.54796E+00
   0.715         0.24853E+01         0.54803E+00
   0.716         0.24850E+01         0.54809E+00
   0.717         0.24846E+01         0.54815E+00
   0.718         0.24843E+01         0.54822E+00
   0.719         0.24839E+01         0.54828E+00
   0.720         0.24836E+01         0.54834E+00
   0.721         0.24832E+01         0.54841E+00
   0.722         0.24828E+01         0.54847E+00
   0.723         0.24825E+01         0.54853E+00
   0.724         0.24821E+01         0.54859E+00
   0.725         0.24818E+01         0.54865E+00
   0.726         0.24815E+01         0.54871E+00
   0.727         0.24811E+01         0.54877E+00
   0.728         0.24808E+01         0.54884E+00
   0.729         0.24804E+01         0.54890E+00
   0.730         0.24801E+01         0.54896E+00
   0.731         0.24797E+01         0.54902E+00
   0.732         0.24794E+01         0.54908E+00
   0.733         0.24790E+01         0.54914E+00
   0.734         0.24787E+01         0.54920E+00
   0.735         0.24784E+01         0.54926E+00
   0.736         0.24780E+01         0.54931E+00
   0.737         0.24777E+01         0.54937E+00
   0.738         0.24773E+01         0.54943E+00
   0.739         0.24770E+01         0.54949E+00
   0.740         0.24767E+01         0.54955E+00
   0.741         0.24763E+01         0.54961E+00
   0.742         0.24760E+01         0.54966E+00
   0.743         0.24757E+01         0.54972E+00
   0.744         0.24753E+01         0.54978E+00
   0.745         0.24750E+01         0.54984E+00
   0.746         0.24747E+01         0.54989E+00
   0.747         0.24743E+01         0.54995E+00
   0.748         0.24740E+01         0.55001E+00
   0.749         0.24737E+01         0.55006E+00
   0.750         0.24733E+01         0.55012E+00
   0.751         0.24730E+01         0.55018E+00
   0.752         0.24727E+01         0.55023E+00
   0.753         0.24724E+01         0.55029E+00
   0.754         0.24720E+01         0.55034E+00
   0.755         0.24717E+01         0.55040E+00
   0.756         0.24714E+01         0.55045E+00
   0.757         0.24711E+01         0.55051E+00
   0.758         0.24707E+01         0.55056E+00
   0.759         0.24704E+01         0.55062E+00
   0.760         0.24701E+01         0.55067E+00
   0.761         0.24698E+01         0.55072E+00
   0.762         0.24695E+01         0.55078E+00
   0.763         0.24691E+01         0.55083E+00
   0.764         0.24688E+01         0.55089E+00
   0.765         0.24685E+01         0.55094E+00
   0.766         0.24682E+01         0.55099E+00
   0.767         0.24679E+01         0.55104E+00
   0.768         0.24676E+01         0.55110E+00
   0.769         0.24672E+01         0.55115E+00
   0.770         0.24669E+01         0.55120E+00
   0.771         0.24666E+01         0.55125E+00
   0.772         0.24663E+01         0.55131E+00
   0.773         0.24660E+01         0.55136E+00
   0.774         0.24657E+01         0.55141E+00
   0.775         0.24654E+01         0.55146E+00
   0.776         0.24651E+01         0.55151E+00
   0.777         0.24648E+01         0.55156E+00
   0.778         0.24644E+01         0.55161E+00
   0.779         0.24641E+01         0.55166E+00
   0.780         0.24638E+01         0.55171E+00
   0.781         0.24635E+01         0.55177E+00
   0.782         0.24632E+01         0.55182E+00
   0.783         0.24629E+01         0.55187E+00
   0.784         0.24626E+01         0.55192E+00
   0.785         0.24623E+01         0.55196E+00
   0.786         0.24620E+01         0.55201E+00
   0.787         0.24617E+01         0.55206E+00
   0.788         0.24614E+01         0.55211E+00
   0.789         0.24611E+01         0.55216E+00
   0.790         0.24608E+01         0.55221E+00
   0.791         0.24605E+01         0.55226E+00
   0.792         0.24602E+01         0.55231E+00
   0.793         0.24599E+01         0.55236E+00
   0.794         0.24596E+01         0.55240E+00
   0.795         0.24593E+01         0.55245E+00
   0.796         0.24590E+01         0.55250E+00
   0.797         0.24587E+01         0.55255E+00
   0.798         0.24584E+01         0.55259E+00
   0.799         0.24581E+01         0.55264E+00
   0.800         0.24578E+01         0.55269E+00
   0.801         0.24575E+01         0.55273E+00
   0.802         0.24572E+01         0.55278E+00
   0.803         0.24570E+01         0.55283E+00
   0.804         0.24567E+01         0.55287E+00
   0.805         0.24564E+01         0.55292E+00
   0.806         0.24561E+01         0.55297E+00
   0.807         0.24558E+01         0.55301E+00
   0.808         0.24555E+01         0.55306E+00
   0.809         0.24552E+01         0.55310E+00
   0.810         0.24549E+01         0.55315E+00
   0.811         0.24546E+01         0.55319E+00
   0.812         0.24544E+01         0.55324E+00
   0.813         0.24541E+01         0.55328E+00
   0.814         0.24538E+01         0.55333E+00
   0.815         0.24535E+01         0.55337E+00
   0.816         0.24532E+01         0.55342E+00
   0.817         0.24529E+01         0.55346E+00
   0.818         0.24527E+01         0.55351E+00
   0.819         0.24524E+01         0.55355E+00
   0.820         0.24521E+01         0.55359E+00
   0.821         0.24518E+01         0.55364E+00
   0.822         0.24515E+01         0.55368E+00
   0.823         0.24513E+01         0.55373E+00
   0.824         0.24510E+01         0.55377E+00
   0.825         0.24507E+01         0.55381E+00
   0.826         0.24504E+01         0.55385E+00
   0.827         0.24501E+01         0.55390E+00
   0.828         0.24499E+01         0.55394E+00
   0.829         0.24496E+01         0.55398E+00
   0.830         0.24493E+01         0.55402E+00
   0.831         0.24490E+01         0.55407E+00
   0.832         0.24488E+01         0.55411E+00
   0.833         0.24485E+01         0.55415E+00
   0.834         0.24482E+01         0.55419E+00
   0.835         0.24479E+01         0.55423E+00
   0.836         0.24477E+01         0.55428E+00
   0.837         0.24474E+01         0.55432E+00
   0.838         0.24471E+01         0.55436E+00
   0.839         0.24469E+01         0.55440E+00
   0.840         0.24466E+01         0.55444E+00
   0.841         0.24463E+01         0.55448E+00
   0.842         0.24461E+01         0.55452E+00
   0.843         0.24458E+01         0.55456E+00
   0.844         0.24455E+01         0.55460E+00
   0.845         0.24452E+01         0.55464E+00
   0.846         0.24450E+01         0.55468E+00
   0.847         0.24447E+01         0.55472E+00
   0.848         0.24445E+01         0.55476E+00
   0.849         0.24442E+01         0.55480E+00
   0.850         0.24439E+01         0.55484E+00
   0.851         0.24437E+01         0.55488E+00
   0.852         0.24434E+01         0.55492E+00
   0.853         0.24431E+01         0.55496E+00
   0.854         0.24429E+01         0.55500E+00
   0.855         0.24426E+01         0.55504E+00
   0.856         0.24423E+01         0.55508E+00
   0.857         0.24421E+01         0.55511E+00
   0.858         0.24418E+01         0.55515E+00
   0.859         0.24416E+01         0.55519E+00
   0.860         0.24413E+01         0.55523E+00
   0.861         0.24410E+01         0.55527E+00
   0.862         0.24408E+01         0.55530E+00
   0.863         0.24405E+01         0.55534E+00
   0.864         0.24403E+01         0.55538E+00
   0.865         0.24400E+01         0.55542E+00
   0.866         0.24398E+01         0.55545E+00
   0.867         0.24395E+01         0.55549E+00
   0.868         0.24393E+01         0.55553E+00
   0.869         0.24390E+01         0.55557E+00
   0.870         0.24387E+01         0.55560E+00
   0.871         0.24385E+01         0.55564E+00
   0.872         0.24382E+01         0.55568E+00
   0.873         0.24380E+01         0.55571E+00
   0.874         0.24377E+01         0.55575E+00
   0.875         0.24375E+01         0.55578E+00
   0.876         0.24372E+01         0.55582E+00
   0.877         0.24370E+01         0.55586E+00
   0.878         0.24367E+01         0.55589E+00
   0.879         0.24365E+01         0.55593E+00
   0.880         0.24362E+01         0.55596E+00
   0.881         0.24360E+01         0.55600E+00
   0.882         0.24357E+01         0.55603E+00
   0.883         0.24355E+01         0.55607E+00
   0.884         0.24352E+01         0.55611E+00
   0.885         0.24350E+01         0.55614E+00
   0.886         0.24348E+01         0.55617E+00
   0.887         0.24345E+01         0.55621E+00
   0.888         0.24343E+01         0.55624E+00
   0.889         0.24340E+01         0.55628E+00
   0.890         0.24338E+01         0.55631E+00
   0.891         0.24335E+01         0.55635E+00
   0.892         0.24333E+01         0.55638E+00
   0.893         0.24330E+01         0.55642E+00
   0.894         0.24328E+01         0.55645E+00
   0.895         0.24326E+01         0.55648E+00
   0.896         0.24323E+01         0.55652E+00
   0.897         0.24321E+01         0.55655E+00
   0.898         0.24318E+01         0.55658E+00
   0.899         0.24316E+01         0.55662E+00
   0.900         0.24314E+01         0.55665E+00
   0.901         0.24311E+01         0.55668E+00
   0.902         0.24309E+01         0.55672E+00
   0.903         0.24306E+01         0.55675E+00
   0.904         0.24304E+01         0.55678E+00
   0.905         0.24302E+01         0.55681E+00
   0.906         0.24299E+01         0.55685E+00
   0.907         0.24297E+01         0.55688E+00
   0.908         0.24295E+01         0.55691E+00
   0.909         0.24292E+01         0.55694E+00
   0.910         0.24290E+01         0.55698E+00
   0.911         0.24288E+01         0.55701E+00
   0.912         0.24285E+01         0.55704E+00
   0.913         0.24283E+01         0.55707E+00
   0.914         0.24281E+01         0.55710E+00
   0.915         0.24278E+01         0.55714E+00
   0.916         0.24276E+01         0.55717E+00
   0.917         0.24274E+01         0.55720E+00
   0.918         0.24271E+01         0.55723E+00
   0.919         0.24269E+01         0.55726E+00
   0.920         0.24267E+01         0.55729E+00
   0.921         0.24264E+01         0.55732E+00
   0.922         0.24262E+01         0.55735E+00
   0.923         0.24260E+01         0.55738E+00
   0.924         0.24257E+01         0.55741E+00
   0.925         0.24255E+01         0.55744E+00
   0.926         0.24253E+01         0.55747E+00
   0.927         0.24251E+01         0.55751E+00
   0.928         0.24248E+01         0.55754E+00
   0.929         0.24246E+01         0.55757E+00
   0.930         0.24244E+01         0.55760E+00
   0.931         0.24242E+01         0.55763E+00
   0.932         0.24239E+01         0.55765E+00
   0.933         0.24237E+01         0.55768E+00
   0.934         0.24235E+01         0.55771E+00
   0.935         0.24233E+01         0.55774E+00
   0.936         0.24230E+01         0.55777E+00
   0.937         0.24228E+01         0.55780E+00
   0.938         0.24226E+01         0.55783E+00
   0.939         0.24224E+01         0.55786E+00
   0.940         0.24221E+01         0.55789E+00
   0.941         0.24219E+01         0.55792E+00
   0.942         0.24217E+01         0.55795E+00
   0.943         0.24215E+01         0.55798E+00
   0.944         0.24213E+01         0.55800E+00
   0.945         0.24210E+01         0.55803E+00
   0.946         0.24208E+01         0.55806E+00
   0.947         0.24206E+01         0.55809E+00
   0.948         0.24204E+01         0.55812E+00
   0.949         0.24202E+01         0.55815E+00
   0.950         0.24199E+01         0.55817E+00
   0.951         0.24197E+01         0.55820E+00
   0.952         0.24195E+01         0.55823E+00
   0.953         0.24193E+01         0.55826E+00
   0.954         0.24191E+01         0.55828E+00
   0.955         0.24189E+01         0.55831E+00
   0.956         0.24186E+01         0.55834E+00
   0.957         0.24184E+01         0.55837E+00
   0.958         0.24182E+01         0.55839E+00
   0.959         0.24180E+01         0.55842E+00
   0.960         0.24178E+01         0.55845E+00
   0.961         0.24176E+01         0.55847E+00
   0.962         0.24173E+01         0.55850E+00
   0.963         0.24171E+01         0.55853E+00
   0.964         0.24169E+01         0.55855E+00
   0.965         0.24167E+01         0.55858E+00
   0.966         0.24165E+01         0.55861E+00
   0.967         0.24163E+01         0.55863E+00
   0.968         0.24161E+01         0.55866E+00
   0.969         0.24159E+01         0.55869E+00
   0.970         0.24157E+01         0.55871E+00
   0.971         0.24154E+01         0.55874E+00
   0.972         0.24152E+01         0.55876E+00
   0.973         0.24150E+01         0.55879E+00
   0.974         0.24148E+01         0.55882E+00
   0.975         0.24146E+01         0.55884E+00
   0.976         0.24144E+01         0.55887E+00
   0.977         0.24142E+01         0.55889E+00
   0.978         0.24140E+01         0.55892E+00
   0.979         0.24138E+01         0.55894E+00
   0.980         0.24136E+01         0.55897E+00
   0.981         0.24134E+01         0.55899E+00
   0.982         0.24132E+01         0.55902E+00
   0.983         0.24129E+01         0.55904E+00
   0.984         0.24127E+01         0.55907E+00
   0.985         0.24125E+01         0.55909E+00
   0.986         0.24123E+01         0.55912E+00
   0.987         0.24121E+01         0.55914E+00
   0.988         0.24119E+01         0.55917E+00
   0.989         0.24117E+01         0.55919E+00
   0.990         0.24115E+01         0.55922E+00
   0.991         0.24113E+01         0.55924E+00
   0.992         0.24111E+01         0.55926E+00
   0.993         0.24109E+01         0.55929E+00
   0.994         0.24107E+01         0.55931E+00
   0.995         0.24105E+01         0.55934E+00
   0.996         0.24103E+01         0.55936E+00
   0.997         0.24101E+01         0.55938E+00
   0.998         0.24099E+01         0.55941E+00
   0.999         0.24097E+01         0.55943E+00
   1.000         0.24095E+01         0.55945E+00
   1.001         0.24093E+01         0.55948E+00
   1.002         0.24091E+01         0.55950E+00
   1.003         0.24089E+01         0.55952E+00
   1.004         0.24087E+01         0.55955E+00
   1.005         0.24085E+01         0.55957E+00
   1.006         0.24083E+01         0.55959E+00
   1.007         0.24081E+01         0.55962E+00
   1.008         0.24079E+01         0.55964E+00
   1.009         0.24077E+01         0.55966E+00
   1.010         0.24075E+01         0.55969E+00
   1.011         0.24073E+01         0.55971E+00
   1.012         0.24071E+01         0.55973E+00
   1.013         0.24069E+01         0.55975E+00
   1.014         0.24067E+01         0.55978E+00
   1.015         0.24065E+01         0.55980E+00
   1.016         0.24063E+01         0.55982E+00
   1.017         0.24061E+01         0.55984E+00
   1.018         0.24060E+01         0.55986E+00
   1.019         0.24058E+01         0.55989E+00
   1.020         0.24056E+01         0.55991E+00
   1.021         0.24054E+01         0.55993E+00
   1.022         0.24052E+01         0.55995E+00
   1.023         0.24050E+01         0.55997E+00
   1.024         0.24048E+01         0.56000E+00
   1.025         0.24046E+01         0.56002E+00
   1.026         0.24044E+01         0.56004E+00
   1.027         0.24042E+01         0.56006E+00
   1.028         0.24040E+01         0.56008E+00
   1.029         0.24038E+01         0.56010E+00
   1.030         0.24037E+01         0.56012E+00
   1.031         0.24035E+01         0.56015E+00
   1.032         0.24033E+01         0.56017E+00
   1.033         0.24031E+01         0.56019E+00
   1.034         0.24029E+01         0.56021E+00
   1.035         0.24027E+01         0.56023E+00
   1.036         0.24025E+01         0.56025E+00
   1.037         0.24023E+01         0.56027E+00
   1.038         0.24021E+01         0.56029E+00
   1.039         0.24020E+01         0.56031E+00
   1.040         0.24018E+01         0.56033E+00
   1.041         0.24016E+01         0.56035E+00
   1.042         0.24014E+01         0.56037E+00
   1.043         0.24012E+01         0.56039E+00
   1.044         0.24010E+01         0.56041E+00
   1.045         0.24008E+01         0.56043E+00
   1.046         0.24006E+01         0.56045E+00
   1.047         0.24005E+01         0.56047E+00
   1.048         0.24003E+01         0.56049E+00
   1.049         0.24001E+01         0.56051E+00
   1.050         0.23999E+01         0.56053E+00
   1.051         0.23997E+01         0.56055E+00
   1.052         0.23995E+01         0.56057E+00
   1.053         0.23994E+01         0.56059E+00
   1.054         0.23992E+01         0.56061E+00
   1.055         0.23990E+01         0.56063E+00
   1.056         0.23988E+01         0.56065E+00
   1.057         0.23986E+01         0.56067E+00
   1.058         0.23984E+01         0.56069E+00
   1.059         0.23983E+01         0.56071E+00
   1.060         0.23981E+01         0.56073E+00
   1.061         0.23979E+01         0.56075E+00
   1.062         0.23977E+01         0.56076E+00
   1.063         0.23975E+01         0.56078E+00
   1.064         0.23974E+01         0.56080E+00
   1.065         0.23972E+01         0.56082E+00
   1.066         0.23970E+01         0.56084E+00
   1.067         0.23968E+01         0.56086E+00
   1.068         0.23966E+01         0.56088E+00
   1.069         0.23965E+01         0.56090E+00
   1.070         0.23963E+01         0.56091E+00
   1.071         0.23961E+01         0.56093E+00
   1.072         0.23959E+01         0.56095E+00
   1.073         0.23957E+01         0.56097E+00
   1.074         0.23956E+01         0.56099E+00
   1.075         0.23954E+01         0.56101E+00
   1.076         0.23952E+01         0.56102E+00
   1.077         0.23950E+01         0.56104E+00
   1.078         0.23949E+01         0.56106E+00
   1.079         0.23947E+01         0.56108E+00
   1.080         0.23945E+01         0.56109E+00
   1.081         0.23943E+01         0.56111E+00
   1.082         0.23942E+01         0.56113E+00
   1.083         0.23940E+01         0.56115E+00
   1.084         0.23938E+01         0.56117E+00
   1.085         0.23936E+01         0.56118E+00
   1.086         0.23935E+01         0.56120E+00
   1.087         0.23933E+01         0.56122E+00
   1.088         0.23931E+01         0.56123E+00
   1.089         0.23929E+01         0.56125E+00
   1.090         0.23928E+01         0.56127E+00
   1.091         0.23926E+01         0.56129E+00
   1.092         0.23924E+01         0.56130E+00
   1.093         0.23923E+01         0.56132E+00
   1.094         0.23921E+01         0.56134E+00
   1.095         0.23919E+01         0.56135E+00
   1.096         0.23917E+01         0.56137E+00
   1.097         0.23916E+01         0.56139E+00
   1.098         0.23914E+01         0.56140E+00
   1.099         0.23912E+01         0.56142E+00
   1.100         0.23911E+01         0.56144E+00
   1.101         0.23909E+01         0.56145E+00
   1.102         0.23907E+01         0.56147E+00
   1.103         0.23905E+01         0.56149E+00
   1.104         0.23904E+01         0.56150E+00
   1.105         0.23902E+01         0.56152E+00
   1.106         0.23900E+01         0.56154E+00
   1.107         0.23899E+01         0.56155E+00
   1.108         0.23897E+01         0.56157E+00
   1.109         0.23895E+01         0.56158E+00
   1.110         0.23894E+01         0.56160E+00
   1.111         0.23892E+01         0.56162E+00
   1.112         0.23890E+01         0.56163E+00
   1.113         0.23889E+01         0.56165E+00
   1.114         0.23887E+01         0.56166E+00
   1.115         0.23885E+01         0.56168E+00
   1.116         0.23884E+01         0.56169E+00
   1.117         0.23882E+01         0.56171E+00
   1.118         0.23880E+01         0.56173E+00
   1.119         0.23879E+01         0.56174E+00
   1.120         0.23877E+01         0.56176E+00
   1.121         0.23875E+01         0.56177E+00
   1.122         0.23874E+01         0.56179E+00
   1.123         0.23872E+01         0.56180E+00
   1.124         0.23870E+01         0.56182E+00
   1.125         0.23869E+01         0.56183E+00
   1.126         0.23867E+01         0.56185E+00
   1.127         0.23865E+01         0.56186E+00
   1.128         0.23864E+01         0.56188E+00
   1.129         0.23862E+01         0.56189E+00
   1.130         0.23861E+01         0.56191E+00
   1.131         0.23859E+01         0.56192E+00
   1.132         0.23857E+01         0.56194E+00
   1.133         0.23856E+01         0.56195E+00
   1.134         0.23854E+01         0.56197E+00
   1.135         0.23852E+01         0.56198E+00
   1.136         0.23851E+01         0.56200E+00
   1.137         0.23849E+01         0.56201E+00
   1.138         0.23848E+01         0.56202E+00
   1.139         0.23846E+01         0.56204E+00
   1.140         0.23844E+01         0.56205E+00
   1.141         0.23843E+01         0.56207E+00
   1.142         0.23841E+01         0.56208E+00
   1.143         0.23840E+01         0.56210E+00
   1.144         0.23838E+01         0.56211E+00
   1.145         0.23836E+01         0.56212E+00
   1.146         0.23835E+01         0.56214E+00
   1.147         0.23833E+01         0.56215E+00
   1.148         0.23832E+01         0.56217E+00
   1.149         0.23830E+01         0.56218E+00
   1.150         0.23828E+01         0.56219E+00
   1.151         0.23827E+01         0.56221E+00
   1.152         0.23825E+01         0.56222E+00
   1.153         0.23824E+01         0.56224E+00
   1.154         0.23822E+01         0.56225E+00
   1.155         0.23821E+01         0.56226E+00
   1.156         0.23819E+01         0.56228E+00
   1.157         0.23817E+01         0.56229E+00
   1.158         0.23816E+01         0.56230E+00
   1.159         0.23814E+01         0.56232E+00
   1.160         0.23813E+01         0.56233E+00
   1.161         0.23811E+01         0.56234E+00
   1.162         0.23810E+01         0.56236E+00
   1.163         0.23808E+01         0.56237E+00
   1.164         0.23807E+01         0.56238E+00
   1.165         0.23805E+01         0.56240E+00
   1.166         0.23803E+01         0.56241E+00
   1.167         0.23802E+01         0.56242E+00
   1.168         0.23800E+01         0.56243E+00
   1.169         0.23799E+01         0.56245E+00
   1.170         0.23797E+01         0.56246E+00
   1.171         0.23796E+01         0.56247E+00
   1.172         0.23794E+01         0.56249E+00
   1.173         0.23793E+01         0.56250E+00
   1.174         0.23791E+01         0.56251E+00
   1.175         0.23790E+01         0.56252E+00
   1.176         0.23788E+01         0.56254E+00
   1.177         0.23787E+01         0.56255E+00
   1.178         0.23785E+01         0.56256E+00
   1.179         0.23783E+01         0.56257E+00
   1.180         0.23782E+01         0.56259E+00
   1.181         0.23780E+01         0.56260E+00
   1.182         0.23779E+01         0.56261E+00
   1.183         0.23777E+01         0.56262E+00
   1.184         0.23776E+01         0.56263E+00
   1.185         0.23774E+01         0.56265E+00
   1.186         0.23773E+01         0.56266E+00
   1.187         0.23771E+01         0.56267E+00
   1.188         0.23770E+01         0.56268E+00
   1.189         0.23768E+01         0.56270E+00
   1.190         0.23767E+01         0.56271E+00
   1.191         0.23765E+01         0.56272E+00
   1.192         0.23764E+01         0.56273E+00
   1.193         0.23762E+01         0.56274E+00
   1.194         0.23761E+01         0.56275E+00
   1.195         0.23759E+01         0.56277E+00
   1.196         0.23758E+01         0.56278E+00
   1.197         0.23756E+01         0.56279E+00
   1.198         0.23755E+01         0.56280E+00
   1.199         0.23754E+01         0.56281E+00
   1.200         0.23752E+01         0.56282E+00
   1.201         0.23751E+01         0.56284E+00
   1.202         0.23749E+01         0.56285E+00
   1.203         0.23748E+01         0.56286E+00
   1.204         0.23746E+01         0.56287E+00
   1.205         0.23745E+01         0.56288E+00
   1.206         0.23743E+01         0.56289E+00
   1.207         0.23742E+01         0.56290E+00
   1.208         0.23740E+01         0.56291E+00
   1.209         0.23739E+01         0.56292E+00
   1.210         0.23737E+01         0.56294E+00
   1.211         0.23736E+01         0.56295E+00
   1.212         0.23734E+01         0.56296E+00
   1.213         0.23733E+01         0.56297E+00
   1.214         0.23732E+01         0.56298E+00
   1.215         0.23730E+01         0.56299E+00
   1.216         0.23729E+01         0.56300E+00
   1.217         0.23727E+01         0.56301E+00
   1.218         0.23726E+01         0.56302E+00
   1.219         0.23724E+01         0.56303E+00
   1.220         0.23723E+01         0.56304E+00
   1.221         0.23721E+01         0.56305E+00
   1.222         0.23720E+01         0.56307E+00
   1.223         0.23719E+01         0.56308E+00
   1.224         0.23717E+01         0.56309E+00
   1.225         0.23716E+01         0.56310E+00
   1.226         0.23714E+01         0.56311E+00
   1.227         0.23713E+01         0.56312E+00
   1.228         0.23711E+01         0.56313E+00
   1.229         0.23710E+01         0.56314E+00
   1.230         0.23709E+01         0.56315E+00
   1.231         0.23707E+01         0.56316E+00
   1.232         0.23706E+01         0.56317E+00
   1.233         0.23704E+01         0.56318E+00
   1.234         0.23703E+01         0.56319E+00
   1.235         0.23702E+01         0.56320E+00
   1.236         0.23700E+01         0.56321E+00
   1.237         0.23699E+01         0.56322E+00
   1.238         0.23697E+01         0.56323E+00
   1.239         0.23696E+01         0.56324E+00
   1.240         0.23695E+01         0.56325E+00
   1.241         0.23693E+01         0.56326E+00
   1.242         0.23692E+01         0.56327E+00
   1.243         0.23690E+01         0.56328E+00
   1.244         0.23689E+01         0.56329E+00
   1.245         0.23688E+01         0.56330E+00
   1.246         0.23686E+01         0.56331E+00
   1.247         0.23685E+01         0.56332E+00
   1.248         0.23683E+01         0.56332E+00
   1.249         0.23682E+01         0.56333E+00
   1.250         0.23681E+01         0.56334E+00
   1.251         0.23679E+01         0.56335E+00
   1.252         0.23678E+01         0.56336E+00
   1.253         0.23677E+01         0.56337E+00
   1.254         0.23675E+01         0.56338E+00
   1.255         0.23674E+01         0.56339E+00
   1.256         0.23672E+01         0.56340E+00
   1.257         0.23671E+01         0.56341E+00
   1.258         0.23670E+01         0.56342E+00
   1.259         0.23668E+01         0.56343E+00
   1.260         0.23667E+01         0.56344E+00
   1.261         0.23666E+01         0.56344E+00
   1.262         0.23664E+01         0.56345E+00
   1.263         0.23663E+01         0.56346E+00
   1.264         0.23662E+01         0.56347E+00
   1.265         0.23660E+01         0.56348E+00
   1.266         0.23659E+01         0.56349E+00
   1.267         0.23657E+01         0.56350E+00
   1.268         0.23656E+01         0.56351E+00
   1.269         0.23655E+01         0.56352E+00
   1.270         0.23653E+01         0.56352E+00
   1.271         0.23652E+01         0.56353E+00
   1.272         0.23651E+01         0.56354E+00
   1.273         0.23649E+01         0.56355E+00
   1.274         0.23648E+01         0.56356E+00
   1.275         0.23647E+01         0.56357E+00
   1.276         0.23645E+01         0.56358E+00
   1.277         0.23644E+01         0.56358E+00
   1.278         0.23643E+01         0.56359E+00
   1.279         0.23641E+01         0.56360E+00
   1.280         0.23640E+01         0.56361E+00
   1.281         0.23639E+01         0.56362E+00
   1.282         0.23637E+01         0.56363E+00
   1.283         0.23636E+01         0.56363E+00
   1.284         0.23635E+01         0.56364E+00
   1.285         0.23633E+01         0.56365E+00
   1.286         0.23632E+01         0.56366E+00
   1.287         0.23631E+01         0.56367E+00
   1.288         0.23629E+01         0.56367E+00
   1.289         0.23628E+01         0.56368E+00
   1.290         0.23627E+01         0.56369E+00
   1.291         0.23626E+01         0.56370E+00
   1.292         0.23624E+01         0.56371E+00
   1.293         0.23623E+01         0.56371E+00
   1.294         0.23622E+01         0.56372E+00
   1.295         0.23620E+01         0.56373E+00
   1.296         0.23619E+01         0.56374E+00
   1.297         0.23618E+01         0.56375E+00
   1.298         0.23616E+01         0.56375E+00
   1.299         0.23615E+01         0.56376E+00
   1.300         0.23614E+01         0.56377E+00
   1.301         0.23612E+01         0.56378E+00
   1.302         0.23611E+01         0.56378E+00
   1.303         0.23610E+01         0.56379E+00
   1.304         0.23609E+01         0.56380E+00
   1.305         0.23607E+01         0.56381E+00
   1.306         0.23606E+01         0.56381E+00
   1.307         0.23605E+01         0.56382E+00
   1.308         0.23603E+01         0.56383E+00
   1.309         0.23602E+01         0.56384E+00
   1.310         0.23601E+01         0.56384E+00
   1.311         0.23600E+01         0.56385E+00
   1.312         0.23598E+01         0.56386E+00
   1.313         0.23597E+01         0.56387E+00
   1.314         0.23596E+01         0.56387E+00
   1.315         0.23595E+01         0.56388E+00
   1.316         0.23593E+01         0.56389E+00
   1.317         0.23592E+01         0.56389E+00
   1.318         0.23591E+01         0.56390E+00
   1.319         0.23589E+01         0.56391E+00
   1.320         0.23588E+01         0.56391E+00
   1.321         0.23587E+01         0.56392E+00
   1.322         0.23586E+01         0.56393E+00
   1.323         0.23584E+01         0.56394E+00
   1.324         0.23583E+01         0.56394E+00
   1.325         0.23582E+01         0.56395E+00
   1.326         0.23581E+01         0.56396E+00
   1.327         0.23579E+01         0.56396E+00
   1.328         0.23578E+01         0.56397E+00
   1.329         0.23577E+01         0.56398E+00
   1.330         0.23576E+01         0.56398E+00
   1.331         0.23574E+01         0.56399E+00
   1.332         0.23573E+01         0.56400E+00
   1.333         0.23572E+01         0.56400E+00
   1.334         0.23571E+01         0.56401E+00
   1.335         0.23569E+01         0.56402E+00
   1.336         0.23568E+01         0.56402E+00
   1.337         0.23567E+01         0.56403E+00
   1.338         0.23566E+01         0.56404E+00
   1.339         0.23564E+01         0.56404E+00
   1.340         0.23563E+01         0.56405E+00
   1.341         0.23562E+01         0.56406E+00
   1.342         0.23561E+01         0.56406E+00
   1.343         0.23559E+01         0.56407E+00
   1.344         0.23558E+01         0.56407E+00
   1.345         0.23557E+01         0.56408E+00
   1.346         0.23556E+01         0.56409E+00
   1.347         0.23555E+01         0.56409E+00
   1.348         0.23553E+01         0.56410E+00
   1.349         0.23552E+01         0.56411E+00
   1.350         0.23551E+01         0.56411E+00
   1.351         0.23550E+01         0.56412E+00
   1.352         0.23548E+01         0.56412E+00
   1.353         0.23547E+01         0.56413E+00
   1.354         0.23546E+01         0.56414E+00
   1.355         0.23545E+01         0.56414E+00
   1.356         0.23544E+01         0.56415E+00
   1.357         0.23542E+01         0.56415E+00
   1.358         0.23541E+01         0.56416E+00
   1.359         0.23540E+01         0.56417E+00
   1.360         0.23539E+01         0.56417E+00
   1.361         0.23538E+01         0.56418E+00
   1.362         0.23536E+01         0.56418E+00
   1.363         0.23535E+01         0.56419E+00
   1.364         0.23534E+01         0.56419E+00
   1.365         0.23533E+01         0.56420E+00
   1.366         0.23532E+01         0.56421E+00
   1.367         0.23530E+01         0.56421E+00
   1.368         0.23529E+01         0.56422E+00
   1.369         0.23528E+01         0.56422E+00
   1.370         0.23527E+01         0.56423E+00
   1.371         0.23526E+01         0.56423E+00
   1.372         0.23524E+01         0.56424E+00
   1.373         0.23523E+01         0.56424E+00
   1.374         0.23522E+01         0.56425E+00
   1.375         0.23521E+01         0.56426E+00
   1.376         0.23520E+01         0.56426E+00
   1.377         0.23518E+01         0.56427E+00
   1.378         0.23517E+01         0.56427E+00
   1.379         0.23516E+01         0.56428E+00
   1.380         0.23515E+01         0.56428E+00
   1.381         0.23514E+01         0.56429E+00
   1.382         0.23513E+01         0.56429E+00
   1.383         0.23511E+01         0.56430E+00
   1.384         0.23510E+01         0.56430E+00
   1.385         0.23509E+01         0.56431E+00
   1.386         0.23508E+01         0.56431E+00
   1.387         0.23507E+01         0.56432E+00
   1.388         0.23506E+01         0.56432E+00
   1.389         0.23504E+01         0.56433E+00
   1.390         0.23503E+01         0.56433E+00
   1.391         0.23502E+01         0.56434E+00
   1.392         0.23501E+01         0.56434E+00
   1.393         0.23500E+01         0.56435E+00
   1.394         0.23499E+01         0.56435E+00
   1.395         0.23497E+01         0.56436E+00
   1.396         0.23496E+01         0.56436E+00
   1.397         0.23495E+01         0.56437E+00
   1.398         0.23494E+01         0.56437E+00
   1.399         0.23493E+01         0.56438E+00
   1.400         0.23492E+01         0.56438E+00
   1.401         0.23490E+01         0.56439E+00
   1.402         0.23489E+01         0.56439E+00
   1.403         0.23488E+01         0.56440E+00
   1.404         0.23487E+01         0.56440E+00
   1.405         0.23486E+01         0.56441E+00
   1.406         0.23485E+01         0.56441E+00
   1.407         0.23484E+01         0.56442E+00
   1.408         0.23482E+01         0.56442E+00
   1.409         0.23481E+01         0.56442E+00
   1.410         0.23480E+01         0.56443E+00
   1.411         0.23479E+01         0.56443E+00
   1.412         0.23478E+01         0.56444E+00
   1.413         0.23477E+01         0.56444E+00
   1.414         0.23476E+01         0.56445E+00
   1.415         0.23474E+01         0.56445E+00
   1.416         0.23473E+01         0.56446E+00
   1.417         0.23472E+01         0.56446E+00
   1.418         0.23471E+01         0.56446E+00
   1.419         0.23470E+01         0.56447E+00
   1.420         0.23469E+01         0.56447E+00
   1.421         0.23468E+01         0.56448E+00
   1.422         0.23467E+01         0.56448E+00
   1.423         0.23465E+01         0.56449E+00
   1.424         0.23464E+01         0.56449E+00
   1.425         0.23463E+01         0.56449E+00
   1.426         0.23462E+01         0.56450E+00
   1.427         0.23461E+01         0.56450E+00
   1.428         0.23460E+01         0.56451E+00
   1.429         0.23459E+01         0.56451E+00
   1.430         0.23458E+01         0.56451E+00
   1.431         0.23457E+01         0.56452E+00
   1.432         0.23455E+01         0.56452E+00
   1.433         0.23454E+01         0.56453E+00
   1.434         0.23453E+01         0.56453E+00
   1.435         0.23452E+01         0.56453E+00
   1.436         0.23451E+01         0.56454E+00
   1.437         0.23450E+01         0.56454E+00
   1.438         0.23449E+01         0.56455E+00
   1.439         0.23448E+01         0.56455E+00
   1.440         0.23447E+01         0.56455E+00
   1.441         0.23445E+01         0.56456E+00
   1.442         0.23444E+01         0.56456E+00
   1.443         0.23443E+01         0.56456E+00
   1.444         0.23442E+01         0.56457E+00
   1.445         0.23441E+01         0.56457E+00
   1.446         0.23440E+01         0.56458E+00
   1.447         0.23439E+01         0.56458E+00
   1.448         0.23438E+01         0.56458E+00
   1.449         0.23437E+01         0.56459E+00
   1.450         0.23436E+01         0.56459E+00
   1.451         0.23434E+01         0.56459E+00
   1.452         0.23433E+01         0.56460E+00
   1.453         0.23432E+01         0.56460E+00
   1.454         0.23431E+01         0.56460E+00
   1.455         0.23430E+01         0.56461E+00
   1.456         0.23429E+01         0.56461E+00
   1.457         0.23428E+01         0.56462E+00
   1.458         0.23427E+01         0.56462E+00
   1.459         0.23426E+01         0.56462E+00
   1.460         0.23425E+01         0.56463E+00
   1.461         0.23424E+01         0.56463E+00
   1.462         0.23423E+01         0.56463E+00
   1.463         0.23422E+01         0.56464E+00
   1.464         0.23420E+01         0.56464E+00
   1.465         0.23419E+01         0.56464E+00
   1.466         0.23418E+01         0.56465E+00
   1.467         0.23417E+01         0.56465E+00
   1.468         0.23416E+01         0.56465E+00
   1.469         0.23415E+01         0.56465E+00
   1.470         0.23414E+01         0.56466E+00
   1.471         0.23413E+01         0.56466E+00
   1.472         0.23412E+01         0.56466E+00
   1.473         0.23411E+01         0.56467E+00
   1.474         0.23410E+01         0.56467E+00
   1.475         0.23409E+01         0.56467E+00
   1.476         0.23408E+01         0.56468E+00
   1.477         0.23407E+01         0.56468E+00
   1.478         0.23406E+01         0.56468E+00
   1.479         0.23404E+01         0.56469E+00
   1.480         0.23403E+01         0.56469E+00
   1.481         0.23402E+01         0.56469E+00
   1.482         0.23401E+01         0.56469E+00
   1.483         0.23400E+01         0.56470E+00
   1.484         0.23399E+01         0.56470E+00
   1.485         0.23398E+01         0.56470E+00
   1.486         0.23397E+01         0.56471E+00
   1.487         0.23396E+01         0.56471E+00
   1.488         0.23395E+01         0.56471E+00
   1.489         0.23394E+01         0.56471E+00
   1.490         0.23393E+01         0.56472E+00
   1.491         0.23392E+01         0.56472E+00
   1.492         0.23391E+01         0.56472E+00
   1.493         0.23390E+01         0.56473E+00
   1.494         0.23389E+01         0.56473E+00
   1.495         0.23388E+01         0.56473E+00
   1.496         0.23387E+01         0.56473E+00
   1.497         0.23386E+01         0.56474E+00
   1.498         0.23385E+01         0.56474E+00
   1.499         0.23384E+01         0.56474E+00
   1.500         0.23382E+01         0.56474E+00
   1.501         0.23381E+01         0.56475E+00
   1.502         0.23380E+01         0.56475E+00
   1.503         0.23379E+01         0.56475E+00
   1.504         0.23378E+01         0.56475E+00
   1.505         0.23377E+01         0.56476E+00
   1.506         0.23376E+01         0.56476E+00
   1.507         0.23375E+01         0.56476E+00
   1.508         0.23374E+01         0.56476E+00
   1.509         0.23373E+01         0.56477E+00
   1.510         0.23372E+01         0.56477E+00
   1.511         0.23371E+01         0.56477E+00
   1.512         0.23370E+01         0.56477E+00
   1.513         0.23369E+01         0.56478E+00
   1.514         0.23368E+01         0.56478E+00
   1.515         0.23367E+01         0.56478E+00
   1.516         0.23366E+01         0.56478E+00
   1.517         0.23365E+01         0.56478E+00
   1.518         0.23364E+01         0.56479E+00
   1.519         0.23363E+01         0.56479E+00
   1.520         0.23362E+01         0.56479E+00
   1.521         0.23361E+01         0.56479E+00
   1.522         0.23360E+01         0.56480E+00
   1.523         0.23359E+01         0.56480E+00
   1.524         0.23358E+01         0.56480E+00
   1.525         0.23357E+01         0.56480E+00
   1.526         0.23356E+01         0.56480E+00
   1.527         0.23355E+01         0.56481E+00
   1.528         0.23354E+01         0.56481E+00
   1.529         0.23353E+01         0.56481E+00
   1.530         0.23352E+01         0.56481E+00
   1.531         0.23351E+01         0.56481E+00
   1.532         0.23350E+01         0.56482E+00
   1.533         0.23349E+01         0.56482E+00
   1.534         0.23348E+01         0.56482E+00
   1.535         0.23347E+01         0.56482E+00
   1.536         0.23346E+01         0.56482E+00
   1.537         0.23345E+01         0.56483E+00
   1.538         0.23344E+01         0.56483E+00
   1.539         0.23343E+01         0.56483E+00
   1.540         0.23342E+01         0.56483E+00
   1.541         0.23341E+01         0.56483E+00
   1.542         0.23340E+01         0.56484E+00
   1.543         0.23339E+01         0.56484E+00
   1.544         0.23338E+01         0.56484E+00
   1.545         0.23337E+01         0.56484E+00
   1.546         0.23336E+01         0.56484E+00
   1.547         0.23335E+01         0.56484E+00
   1.548         0.23334E+01         0.56485E+00
   1.549         0.23333E+01         0.56485E+00
   1.550         0.23332E+01         0.56485E+00
   1.551         0.23331E+01         0.56485E+00
   1.552         0.23330E+01         0.56485E+00
   1.553         0.23329E+01         0.56485E+00
   1.554         0.23328E+01         0.56486E+00
   1.555         0.23327E+01         0.56486E+00
   1.556         0.23326E+01         0.56486E+00
   1.557         0.23325E+01         0.56486E+00
   1.558         0.23324E+01         0.56486E+00
   1.559         0.23323E+01         0.56486E+00
   1.560         0.23322E+01         0.56486E+00
   1.561         0.23321E+01         0.56487E+00
   1.562         0.23320E+01         0.56487E+00
   1.563         0.23319E+01         0.56487E+00
   1.564         0.23318E+01         0.56487E+00
   1.565         0.23317E+01         0.56487E+00
   1.566         0.23316E+01         0.56487E+00
   1.567         0.23316E+01         0.56487E+00
   1.568         0.23315E+01         0.56488E+00
   1.569         0.23314E+01         0.56488E+00
   1.570         0.23313E+01         0.56488E+00
   1.571         0.23312E+01         0.56488E+00
   1.572         0.23311E+01         0.56488E+00
   1.573         0.23310E+01         0.56488E+00
   1.574         0.23309E+01         0.56488E+00
   1.575         0.23308E+01         0.56489E+00
   1.576         0.23307E+01         0.56489E+00
   1.577         0.23306E+01         0.56489E+00
   1.578         0.23305E+01         0.56489E+00
   1.579         0.23304E+01         0.56489E+00
   1.580         0.23303E+01         0.56489E+00
   1.581         0.23302E+01         0.56489E+00
   1.582         0.23301E+01         0.56489E+00
   1.583         0.23300E+01         0.56490E+00
   1.584         0.23299E+01         0.56490E+00
   1.585         0.23298E+01         0.56490E+00
   1.586         0.23297E+01         0.56490E+00
   1.587         0.23296E+01         0.56490E+00
   1.588         0.23295E+01         0.56490E+00
   1.589         0.23294E+01         0.56490E+00
   1.590         0.23294E+01         0.56490E+00
   1.591         0.23293E+01         0.56490E+00
   1.592         0.23292E+01         0.56490E+00
   1.593         0.23291E+01         0.56491E+00
   1.594         0.23290E+01         0.56491E+00
   1.595         0.23289E+01         0.56491E+00
   1.596         0.23288E+01         0.56491E+00
   1.597         0.23287E+01         0.56491E+00
   1.598         0.23286E+01         0.56491E+00
   1.599         0.23285E+01         0.56491E+00
   1.600         0.23284E+01         0.56491E+00
   1.601         0.23283E+01         0.56491E+00
   1.602         0.23282E+01         0.56491E+00
   1.603         0.23281E+01         0.56491E+00
   1.604         0.23280E+01         0.56492E+00
   1.605         0.23279E+01         0.56492E+00
   1.606         0.23279E+01         0.56492E+00
   1.607         0.23278E+01         0.56492E+00
   1.608         0.23277E+01         0.56492E+00
   1.609         0.23276E+01         0.56492E+00
   1.610         0.23275E+01         0.56492E+00
   1.611         0.23274E+01         0.56492E+00
   1.612         0.23273E+01         0.56492E+00
   1.613         0.23272E+01         0.56492E+00
   1.614         0.23271E+01         0.56492E+00
   1.615         0.23270E+01         0.56492E+00
   1.616         0.23269E+01         0.56492E+00
   1.617         0.23268E+01         0.56492E+00
   1.618         0.23267E+01         0.56493E+00
   1.619         0.23266E+01         0.56493E+00
   1.620         0.23266E+01         0.56493E+00
   1.621         0.23265E+01         0.56493E+00
   1.622         0.23264E+01         0.56493E+00
   1.623         0.23263E+01         0.56493E+00
   1.624         0.23262E+01         0.56493E+00
   1.625         0.23261E+01         0.56493E+00
   1.626         0.23260E+01         0.56493E+00
   1.627         0.23259E+01         0.56493E+00
   1.628         0.23258E+01         0.56493E+00
   1.629         0.23257E+01         0.56493E+00
   1.630         0.23256E+01         0.56493E+00
   1.631         0.23256E+01         0.56493E+00
   1.632         0.23255E+01         0.56493E+00
   1.633         0.23254E+01         0.56493E+00
   1.634         0.23253E+01         0.56493E+00
   1.635         0.23252E+01         0.56493E+00
   1.636         0.23251E+01         0.56493E+00
   1.637         0.23250E+01         0.56493E+00
   1.638         0.23249E+01         0.56493E+00
   1.639         0.23248E+01         0.56493E+00
   1.640         0.23247E+01         0.56494E+00
   1.641         0.23246E+01         0.56494E+00
   1.642         0.23246E+01         0.56494E+00
   1.643         0.23245E+01         0.56494E+00
   1.644         0.23244E+01         0.56494E+00
   1.645         0.23243E+01         0.56494E+00
   1.646         0.23242E+01         0.56494E+00
   1.647         0.23241E+01         0.56494E+00
   1.648         0.23240E+01         0.56494E+00
   1.649         0.23239E+01         0.56494E+00
   1.650         0.23238E+01         0.56494E+00
   1.651         0.23237E+01         0.56494E+00
   1.652         0.23237E+01         0.56494E+00
   1.653         0.23236E+01         0.56494E+00
   1.654         0.23235E+01         0.56494E+00
   1.655         0.23234E+01         0.56494E+00
   1.656         0.23233E+01         0.56494E+00
   1.657         0.23232E+01         0.56494E+00
   1.658         0.23231E+01         0.56494E+00
   1.659         0.23230E+01         0.56494E+00
   1.660         0.23229E+01         0.56494E+00
   1.661         0.23229E+01         0.56494E+00
   1.662         0.23228E+01         0.56494E+00
   1.663         0.23227E+01         0.56494E+00
   1.664         0.23226E+01         0.56494E+00
   1.665         0.23225E+01         0.56494E+00
   1.666         0.23224E+01         0.56494E+00
   1.667         0.23223E+01         0.56494E+00
   1.668         0.23222E+01         0.56494E+00
   1.669         0.23222E+01         0.56494E+00
   1.670         0.23221E+01         0.56494E+00
   1.671         0.23220E+01         0.56494E+00
   1.672         0.23219E+01         0.56494E+00
   1.673         0.23218E+01         0.56494E+00
   1.674         0.23217E+01         0.56494E+00
   1.675         0.23216E+01         0.56494E+00
   1.676         0.23215E+01         0.56494E+00
   1.677         0.23215E+01         0.56494E+00
   1.678         0.23214E+01         0.56494E+00
   1.679         0.23213E+01         0.56494E+00
   1.680         0.23212E+01         0.56494E+00
   1.681         0.23211E+01         0.56494E+00
   1.682         0.23210E+01         0.56494E+00
   1.683         0.23209E+01         0.56494E+00
   1.684         0.23208E+01         0.56494E+00
   1.685         0.23208E+01         0.56494E+00
   1.686         0.23207E+01         0.56494E+00
   1.687         0.23206E+01         0.56493E+00
   1.688         0.23205E+01         0.56493E+00
   1.689         0.23204E+01         0.56493E+00
   1.690         0.23203E+01         0.56493E+00
   1.691         0.23202E+01         0.56493E+00
   1.692         0.23202E+01         0.56493E+00
   1.693         0.23201E+01         0.56493E+00
   1.694         0.23200E+01         0.56493E+00
   1.695         0.23199E+01         0.56493E+00
   1.696         0.23198E+01         0.56493E+00
   1.697         0.23197E+01         0.56493E+00
   1.698         0.23196E+01         0.56493E+00
   1.699         0.23196E+01         0.56493E+00
   1.700         0.23195E+01         0.56493E+00
   1.701         0.23194E+01         0.56493E+00
   1.702         0.23193E+01         0.56493E+00
   1.703         0.23192E+01         0.56493E+00
   1.704         0.23191E+01         0.56493E+00
   1.705         0.23190E+01         0.56493E+00
   1.706         0.23190E+01         0.56493E+00
   1.707         0.23189E+01         0.56493E+00
   1.708         0.23188E+01         0.56493E+00
   1.709         0.23187E+01         0.56493E+00
   1.710         0.23186E+01         0.56492E+00
   1.711         0.23185E+01         0.56492E+00
   1.712         0.23184E+01         0.56492E+00
   1.713         0.23184E+01         0.56492E+00
   1.714         0.23183E+01         0.56492E+00
   1.715         0.23182E+01         0.56492E+00
   1.716         0.23181E+01         0.56492E+00
   1.717         0.23180E+01         0.56492E+00
   1.718         0.23179E+01         0.56492E+00
   1.719         0.23179E+01         0.56492E+00
   1.720         0.23178E+01         0.56492E+00
   1.721         0.23177E+01         0.56492E+00
   1.722         0.23176E+01         0.56492E+00
   1.723         0.23175E+01         0.56492E+00
   1.724         0.23174E+01         0.56492E+00
   1.725         0.23174E+01         0.56492E+00
   1.726         0.23173E+01         0.56491E+00
   1.727         0.23172E+01         0.56491E+00
   1.728         0.23171E+01         0.56491E+00
   1.729         0.23170E+01         0.56491E+00
   1.730         0.23169E+01         0.56491E+00
   1.731         0.23169E+01         0.56491E+00
   1.732         0.23168E+01         0.56491E+00
   1.733         0.23167E+01         0.56491E+00
   1.734         0.23166E+01         0.56491E+00
   1.735         0.23165E+01         0.56491E+00
   1.736         0.23164E+01         0.56491E+00
   1.737         0.23164E+01         0.56491E+00
   1.738         0.23163E+01         0.56490E+00
   1.739         0.23162E+01         0.56490E+00
   1.740         0.23161E+01         0.56490E+00
   1.741         0.23160E+01         0.56490E+00
   1.742         0.23159E+01         0.56490E+00
   1.743         0.23159E+01         0.56490E+00
   1.744         0.23158E+01         0.56490E+00
   1.745         0.23157E+01         0.56490E+00
   1.746         0.23156E+01         0.56490E+00
   1.747         0.23155E+01         0.56490E+00
   1.748         0.23155E+01         0.56490E+00
   1.749         0.23154E+01         0.56489E+00
   1.750         0.23153E+01         0.56489E+00
   1.751         0.23152E+01         0.56489E+00
   1.752         0.23151E+01         0.56489E+00
   1.753         0.23150E+01         0.56489E+00
   1.754         0.23150E+01         0.56489E+00
   1.755         0.23149E+01         0.56489E+00
   1.756         0.23148E+01         0.56489E+00
   1.757         0.23147E+01         0.56489E+00
   1.758         0.23146E+01         0.56488E+00
   1.759         0.23146E+01         0.56488E+00
   1.760         0.23145E+01         0.56488E+00
   1.761         0.23144E+01         0.56488E+00
   1.762         0.23143E+01         0.56488E+00
   1.763         0.23142E+01         0.56488E+00
   1.764         0.23142E+01         0.56488E+00
   1.765         0.23141E+01         0.56488E+00
   1.766         0.23140E+01         0.56488E+00
   1.767         0.23139E+01         0.56487E+00
   1.768         0.23138E+01         0.56487E+00
   1.769         0.23137E+01         0.56487E+00
   1.770         0.23137E+01         0.56487E+00
   1.771         0.23136E+01         0.56487E+00
   1.772         0.23135E+01         0.56487E+00
   1.773         0.23134E+01         0.56487E+00
   1.774         0.23133E+01         0.56487E+00
   1.775         0.23133E+01         0.56487E+00
   1.776         0.23132E+01         0.56486E+00
   1.777         0.23131E+01         0.56486E+00
   1.778         0.23130E+01         0.56486E+00
   1.779         0.23129E+01         0.56486E+00
   1.780         0.23129E+01         0.56486E+00
   1.781         0.23128E+01         0.56486E+00
   1.782         0.23127E+01         0.56486E+00
   1.783         0.23126E+01         0.56485E+00
   1.784         0.23125E+01         0.56485E+00
   1.785         0.23125E+01         0.56485E+00
   1.786         0.23124E+01         0.56485E+00
   1.787         0.23123E+01         0.56485E+00
   1.788         0.23122E+01         0.56485E+00
   1.789         0.23121E+01         0.56485E+00
   1.790         0.23121E+01         0.56485E+00
   1.791         0.23120E+01         0.56484E+00
   1.792         0.23119E+01         0.56484E+00
   1.793         0.23118E+01         0.56484E+00
   1.794         0.23118E+01         0.56484E+00
   1.795         0.23117E+01         0.56484E+00
   1.796         0.23116E+01         0.56484E+00
   1.797         0.23115E+01         0.56484E+00
   1.798         0.23114E+01         0.56483E+00
   1.799         0.23114E+01         0.56483E+00
   1.800         0.23113E+01         0.56483E+00
   1.801         0.23112E+01         0.56483E+00
   1.802         0.23111E+01         0.56483E+00
   1.803         0.23110E+01         0.56483E+00
   1.804         0.23110E+01         0.56482E+00
   1.805         0.23109E+01         0.56482E+00
   1.806         0.23108E+01         0.56482E+00
   1.807         0.23107E+01         0.56482E+00
   1.808         0.23107E+01         0.56482E+00
   1.809         0.23106E+01         0.56482E+00
   1.810         0.23105E+01         0.56482E+00
   1.811         0.23104E+01         0.56481E+00
   1.812         0.23103E+01         0.56481E+00
   1.813         0.23103E+01         0.56481E+00
   1.814         0.23102E+01         0.56481E+00
   1.815         0.23101E+01         0.56481E+00
   1.816         0.23100E+01         0.56481E+00
   1.817         0.23100E+01         0.56480E+00
   1.818         0.23099E+01         0.56480E+00
   1.819         0.23098E+01         0.56480E+00
   1.820         0.23097E+01         0.56480E+00
   1.821         0.23096E+01         0.56480E+00
   1.822         0.23096E+01         0.56480E+00
   1.823         0.23095E+01         0.56479E+00
   1.824         0.23094E+01         0.56479E+00
   1.825         0.23093E+01         0.56479E+00
   1.826         0.23093E+01         0.56479E+00
   1.827         0.23092E+01         0.56479E+00
   1.828         0.23091E+01         0.56479E+00
   1.829         0.23090E+01         0.56478E+00
   1.830         0.23090E+01         0.56478E+00
   1.831         0.23089E+01         0.56478E+00
   1.832         0.23088E+01         0.56478E+00
   1.833         0.23087E+01         0.56478E+00
   1.834         0.23087E+01         0.56478E+00
   1.835         0.23086E+01         0.56477E+00
   1.836         0.23085E+01         0.56477E+00
   1.837         0.23084E+01         0.56477E+00
   1.838         0.23083E+01         0.56477E+00
   1.839         0.23083E+01         0.56477E+00
   1.840         0.23082E+01         0.56476E+00
   1.841         0.23081E+01         0.56476E+00
   1.842         0.23080E+01         0.56476E+00
   1.843         0.23080E+01         0.56476E+00
   1.844         0.23079E+01         0.56476E+00
   1.845         0.23078E+01         0.56476E+00
   1.846         0.23077E+01         0.56475E+00
   1.847         0.23077E+01         0.56475E+00
   1.848         0.23076E+01         0.56475E+00
   1.849         0.23075E+01         0.56475E+00
   1.850         0.23074E+01         0.56475E+00
   1.851         0.23074E+01         0.56474E+00
   1.852         0.23073E+01         0.56474E+00
   1.853         0.23072E+01         0.56474E+00
   1.854         0.23071E+01         0.56474E+00
   1.855         0.23071E+01         0.56474E+00
   1.856         0.23070E+01         0.56473E+00
   1.857         0.23069E+01         0.56473E+00
   1.858         0.23068E+01         0.56473E+00
   1.859         0.23068E+01         0.56473E+00
   1.860         0.23067E+01         0.56473E+00
   1.861         0.23066E+01         0.56472E+00
   1.862         0.23065E+01         0.56472E+00
   1.863         0.23065E+01         0.56472E+00
   1.864         0.23064E+01         0.56472E+00
   1.865         0.23063E+01         0.56472E+00
   1.866         0.23062E+01         0.56471E+00
   1.867         0.23062E+01         0.56471E+00
   1.868         0.23061E+01         0.56471E+00
   1.869         0.23060E+01         0.56471E+00
   1.870         0.23059E+01         0.56471E+00
   1.871         0.23059E+01         0.56470E+00
   1.872         0.23058E+01         0.56470E+00
   1.873         0.23057E+01         0.56470E+00
   1.874         0.23056E+01         0.56470E+00
   1.875         0.23056E+01         0.56470E+00
   1.876         0.23055E+01         0.56469E+00
   1.877         0.23054E+01         0.56469E+00
   1.878         0.23053E+01         0.56469E+00
   1.879         0.23053E+01         0.56469E+00
   1.880         0.23052E+01         0.56468E+00
   1.881         0.23051E+01         0.56468E+00
   1.882         0.23051E+01         0.56468E+00
   1.883         0.23050E+01         0.56468E+00
   1.884         0.23049E+01         0.56468E+00
   1.885         0.23048E+01         0.56467E+00
   1.886         0.23048E+01         0.56467E+00
   1.887         0.23047E+01         0.56467E+00
   1.888         0.23046E+01         0.56467E+00
   1.889         0.23045E+01         0.56467E+00
   1.890         0.23045E+01         0.56466E+00
   1.891         0.23044E+01         0.56466E+00
   1.892         0.23043E+01         0.56466E+00
   1.893         0.23042E+01         0.56466E+00
   1.894         0.23042E+01         0.56465E+00
   1.895         0.23041E+01         0.56465E+00
   1.896         0.23040E+01         0.56465E+00
   1.897         0.23040E+01         0.56465E+00
   1.898         0.23039E+01         0.56464E+00
   1.899         0.23038E+01         0.56464E+00
   1.900         0.23037E+01         0.56464E+00
