 #------------------------------------
 # Tkin (MeV)   f_electron f_positron 
 #------------------------------------
   0.000         0.16608E+02         0.14919E-05
   0.001         0.50506E+01         0.37643E-01
   0.002         0.37373E+01         0.10714E+00
   0.003         0.31541E+01         0.16831E+00
   0.004         0.28130E+01         0.21860E+00
   0.005         0.25863E+01         0.26042E+00
   0.006         0.24237E+01         0.29590E+00
   0.007         0.23007E+01         0.32651E+00
   0.008         0.22040E+01         0.35330E+00
   0.009         0.21255E+01         0.37700E+00
   0.010         0.20604E+01         0.39815E+00
   0.011         0.20053E+01         0.41719E+00
   0.012         0.19580E+01         0.43444E+00
   0.013         0.19168E+01         0.45015E+00
   0.014         0.18805E+01         0.46454E+00
   0.015         0.18483E+01         0.47779E+00
   0.016         0.18194E+01         0.49003E+00
   0.017         0.17933E+01         0.50138E+00
   0.018         0.17697E+01         0.51195E+00
   0.019         0.17481E+01         0.52181E+00
   0.020         0.17283E+01         0.53105E+00
   0.021         0.17100E+01         0.53973E+00
   0.022         0.16931E+01         0.54789E+00
   0.023         0.16774E+01         0.55559E+00
   0.024         0.16628E+01         0.56287E+00
   0.025         0.16492E+01         0.56977E+00
   0.026         0.16364E+01         0.57631E+00
   0.027         0.16244E+01         0.58253E+00
   0.028         0.16131E+01         0.58845E+00
   0.029         0.16024E+01         0.59409E+00
   0.030         0.15923E+01         0.59948E+00
   0.031         0.15828E+01         0.60463E+00
   0.032         0.15737E+01         0.60956E+00
   0.033         0.15651E+01         0.61429E+00
   0.034         0.15569E+01         0.61882E+00
   0.035         0.15491E+01         0.62317E+00
   0.036         0.15416E+01         0.62736E+00
   0.037         0.15345E+01         0.63139E+00
   0.038         0.15277E+01         0.63527E+00
   0.039         0.15211E+01         0.63901E+00
   0.040         0.15148E+01         0.64261E+00
   0.041         0.15088E+01         0.64610E+00
   0.042         0.15030E+01         0.64946E+00
   0.043         0.14975E+01         0.65272E+00
   0.044         0.14921E+01         0.65587E+00
   0.045         0.14870E+01         0.65892E+00
   0.046         0.14820E+01         0.66187E+00
   0.047         0.14772E+01         0.66473E+00
   0.048         0.14725E+01         0.66751E+00
   0.049         0.14680E+01         0.67021E+00
   0.050         0.14637E+01         0.67283E+00
   0.051         0.14595E+01         0.67537E+00
   0.052         0.14554E+01         0.67785E+00
   0.053         0.14515E+01         0.68025E+00
   0.054         0.14477E+01         0.68259E+00
   0.055         0.14440E+01         0.68487E+00
   0.056         0.14404E+01         0.68709E+00
   0.057         0.14369E+01         0.68925E+00
   0.058         0.14335E+01         0.69136E+00
   0.059         0.14302E+01         0.69341E+00
   0.060         0.14270E+01         0.69541E+00
   0.061         0.14238E+01         0.69737E+00
   0.062         0.14208E+01         0.69928E+00
   0.063         0.14178E+01         0.70114E+00
   0.064         0.14150E+01         0.70296E+00
   0.065         0.14121E+01         0.70474E+00
   0.066         0.14094E+01         0.70648E+00
   0.067         0.14067E+01         0.70818E+00
   0.068         0.14041E+01         0.70984E+00
   0.069         0.14016E+01         0.71147E+00
   0.070         0.13991E+01         0.71306E+00
   0.071         0.13967E+01         0.71462E+00
   0.072         0.13943E+01         0.71614E+00
   0.073         0.13920E+01         0.71763E+00
   0.074         0.13897E+01         0.71910E+00
   0.075         0.13875E+01         0.72053E+00
   0.076         0.13853E+01         0.72194E+00
   0.077         0.13832E+01         0.72331E+00
   0.078         0.13811E+01         0.72467E+00
   0.079         0.13791E+01         0.72599E+00
   0.080         0.13771E+01         0.72729E+00
   0.081         0.13752E+01         0.72856E+00
   0.082         0.13732E+01         0.72982E+00
   0.083         0.13714E+01         0.73104E+00
   0.084         0.13695E+01         0.73225E+00
   0.085         0.13677E+01         0.73343E+00
   0.086         0.13660E+01         0.73460E+00
   0.087         0.13642E+01         0.73574E+00
   0.088         0.13625E+01         0.73686E+00
   0.089         0.13609E+01         0.73796E+00
   0.090         0.13592E+01         0.73905E+00
   0.091         0.13576E+01         0.74011E+00
   0.092         0.13561E+01         0.74116E+00
   0.093         0.13545E+01         0.74219E+00
   0.094         0.13530E+01         0.74321E+00
   0.095         0.13515E+01         0.74420E+00
   0.096         0.13500E+01         0.74518E+00
   0.097         0.13486E+01         0.74615E+00
   0.098         0.13472E+01         0.74710E+00
   0.099         0.13458E+01         0.74803E+00
   0.100         0.13444E+01         0.74895E+00
   0.101         0.13431E+01         0.74986E+00
   0.102         0.13417E+01         0.75075E+00
   0.103         0.13404E+01         0.75163E+00
   0.104         0.13392E+01         0.75249E+00
   0.105         0.13379E+01         0.75334E+00
   0.106         0.13367E+01         0.75418E+00
   0.107         0.13354E+01         0.75501E+00
   0.108         0.13342E+01         0.75583E+00
   0.109         0.13331E+01         0.75663E+00
   0.110         0.13319E+01         0.75742E+00
   0.111         0.13307E+01         0.75820E+00
   0.112         0.13296E+01         0.75897E+00
   0.113         0.13285E+01         0.75973E+00
   0.114         0.13274E+01         0.76048E+00
   0.115         0.13263E+01         0.76121E+00
   0.116         0.13252E+01         0.76194E+00
   0.117         0.13242E+01         0.76266E+00
   0.118         0.13232E+01         0.76337E+00
   0.119         0.13221E+01         0.76407E+00
   0.120         0.13211E+01         0.76476E+00
   0.121         0.13201E+01         0.76544E+00
   0.122         0.13192E+01         0.76611E+00
   0.123         0.13182E+01         0.76677E+00
   0.124         0.13173E+01         0.76742E+00
   0.125         0.13163E+01         0.76807E+00
   0.126         0.13154E+01         0.76870E+00
   0.127         0.13145E+01         0.76933E+00
   0.128         0.13136E+01         0.76995E+00
   0.129         0.13127E+01         0.77057E+00
   0.130         0.13118E+01         0.77117E+00
   0.131         0.13109E+01         0.77177E+00
   0.132         0.13101E+01         0.77236E+00
   0.133         0.13092E+01         0.77295E+00
   0.134         0.13084E+01         0.77352E+00
   0.135         0.13076E+01         0.77409E+00
   0.136         0.13068E+01         0.77466E+00
   0.137         0.13060E+01         0.77521E+00
   0.138         0.13052E+01         0.77576E+00
   0.139         0.13044E+01         0.77631E+00
   0.140         0.13036E+01         0.77684E+00
   0.141         0.13029E+01         0.77737E+00
   0.142         0.13021E+01         0.77790E+00
   0.143         0.13014E+01         0.77842E+00
   0.144         0.13006E+01         0.77893E+00
   0.145         0.12999E+01         0.77944E+00
   0.146         0.12992E+01         0.77994E+00
   0.147         0.12985E+01         0.78043E+00
   0.148         0.12978E+01         0.78092E+00
   0.149         0.12971E+01         0.78141E+00
   0.150         0.12964E+01         0.78189E+00
   0.151         0.12957E+01         0.78236E+00
   0.152         0.12950E+01         0.78283E+00
   0.153         0.12944E+01         0.78330E+00
   0.154         0.12937E+01         0.78375E+00
   0.155         0.12931E+01         0.78421E+00
   0.156         0.12924E+01         0.78466E+00
   0.157         0.12918E+01         0.78510E+00
   0.158         0.12912E+01         0.78554E+00
   0.159         0.12905E+01         0.78598E+00
   0.160         0.12899E+01         0.78641E+00
   0.161         0.12893E+01         0.78684E+00
   0.162         0.12887E+01         0.78726E+00
   0.163         0.12881E+01         0.78768E+00
   0.164         0.12875E+01         0.78809E+00
   0.165         0.12869E+01         0.78850E+00
   0.166         0.12864E+01         0.78890E+00
   0.167         0.12858E+01         0.78930E+00
   0.168         0.12852E+01         0.78970E+00
   0.169         0.12847E+01         0.79009E+00
   0.170         0.12841E+01         0.79048E+00
   0.171         0.12836E+01         0.79087E+00
   0.172         0.12830E+01         0.79125E+00
   0.173         0.12825E+01         0.79163E+00
   0.174         0.12820E+01         0.79200E+00
   0.175         0.12814E+01         0.79237E+00
   0.176         0.12809E+01         0.79274E+00
   0.177         0.12804E+01         0.79311E+00
   0.178         0.12799E+01         0.79347E+00
   0.179         0.12794E+01         0.79382E+00
   0.180         0.12789E+01         0.79418E+00
   0.181         0.12784E+01         0.79453E+00
   0.182         0.12779E+01         0.79487E+00
   0.183         0.12774E+01         0.79522E+00
   0.184         0.12769E+01         0.79556E+00
   0.185         0.12765E+01         0.79590E+00
   0.186         0.12760E+01         0.79623E+00
   0.187         0.12755E+01         0.79656E+00
   0.188         0.12751E+01         0.79689E+00
   0.189         0.12746E+01         0.79722E+00
   0.190         0.12741E+01         0.79754E+00
   0.191         0.12737E+01         0.79786E+00
   0.192         0.12733E+01         0.79817E+00
   0.193         0.12728E+01         0.79849E+00
   0.194         0.12724E+01         0.79880E+00
   0.195         0.12719E+01         0.79911E+00
   0.196         0.12715E+01         0.79941E+00
   0.197         0.12711E+01         0.79972E+00
   0.198         0.12707E+01         0.80002E+00
   0.199         0.12702E+01         0.80032E+00
   0.200         0.12698E+01         0.80061E+00
   0.201         0.12694E+01         0.80090E+00
   0.202         0.12690E+01         0.80120E+00
   0.203         0.12686E+01         0.80148E+00
   0.204         0.12682E+01         0.80177E+00
   0.205         0.12678E+01         0.80205E+00
   0.206         0.12674E+01         0.80233E+00
   0.207         0.12670E+01         0.80261E+00
   0.208         0.12666E+01         0.80289E+00
   0.209         0.12662E+01         0.80316E+00
   0.210         0.12659E+01         0.80343E+00
   0.211         0.12655E+01         0.80370E+00
   0.212         0.12651E+01         0.80397E+00
   0.213         0.12647E+01         0.80423E+00
   0.214         0.12644E+01         0.80450E+00
   0.215         0.12640E+01         0.80476E+00
   0.216         0.12636E+01         0.80502E+00
   0.217         0.12633E+01         0.80527E+00
   0.218         0.12629E+01         0.80553E+00
   0.219         0.12626E+01         0.80578E+00
   0.220         0.12622E+01         0.80603E+00
   0.221         0.12619E+01         0.80628E+00
   0.222         0.12615E+01         0.80653E+00
   0.223         0.12612E+01         0.80677E+00
   0.224         0.12608E+01         0.80701E+00
   0.225         0.12605E+01         0.80725E+00
   0.226         0.12602E+01         0.80749E+00
   0.227         0.12598E+01         0.80773E+00
   0.228         0.12595E+01         0.80796E+00
   0.229         0.12592E+01         0.80820E+00
   0.230         0.12589E+01         0.80843E+00
   0.231         0.12585E+01         0.80866E+00
   0.232         0.12582E+01         0.80889E+00
   0.233         0.12579E+01         0.80911E+00
   0.234         0.12576E+01         0.80934E+00
   0.235         0.12573E+01         0.80956E+00
   0.236         0.12570E+01         0.80978E+00
   0.237         0.12567E+01         0.81000E+00
   0.238         0.12563E+01         0.81022E+00
   0.239         0.12560E+01         0.81044E+00
   0.240         0.12557E+01         0.81065E+00
   0.241         0.12554E+01         0.81087E+00
   0.242         0.12551E+01         0.81108E+00
   0.243         0.12549E+01         0.81129E+00
   0.244         0.12546E+01         0.81150E+00
   0.245         0.12543E+01         0.81170E+00
   0.246         0.12540E+01         0.81191E+00
   0.247         0.12537E+01         0.81211E+00
   0.248         0.12534E+01         0.81232E+00
   0.249         0.12531E+01         0.81252E+00
   0.250         0.12529E+01         0.81272E+00
   0.251         0.12526E+01         0.81292E+00
   0.252         0.12523E+01         0.81311E+00
   0.253         0.12520E+01         0.81331E+00
   0.254         0.12518E+01         0.81350E+00
   0.255         0.12515E+01         0.81370E+00
   0.256         0.12512E+01         0.81389E+00
   0.257         0.12510E+01         0.81408E+00
   0.258         0.12507E+01         0.81427E+00
   0.259         0.12504E+01         0.81446E+00
   0.260         0.12502E+01         0.81464E+00
   0.261         0.12499E+01         0.81483E+00
   0.262         0.12497E+01         0.81501E+00
   0.263         0.12494E+01         0.81519E+00
   0.264         0.12491E+01         0.81538E+00
   0.265         0.12489E+01         0.81556E+00
   0.266         0.12486E+01         0.81573E+00
   0.267         0.12484E+01         0.81591E+00
   0.268         0.12482E+01         0.81609E+00
   0.269         0.12479E+01         0.81626E+00
   0.270         0.12477E+01         0.81644E+00
   0.271         0.12474E+01         0.81661E+00
   0.272         0.12472E+01         0.81678E+00
   0.273         0.12469E+01         0.81695E+00
   0.274         0.12467E+01         0.81712E+00
   0.275         0.12465E+01         0.81729E+00
   0.276         0.12462E+01         0.81746E+00
   0.277         0.12460E+01         0.81763E+00
   0.278         0.12458E+01         0.81779E+00
   0.279         0.12456E+01         0.81795E+00
   0.280         0.12453E+01         0.81812E+00
   0.281         0.12451E+01         0.81828E+00
   0.282         0.12449E+01         0.81844E+00
   0.283         0.12447E+01         0.81860E+00
   0.284         0.12444E+01         0.81876E+00
   0.285         0.12442E+01         0.81892E+00
   0.286         0.12440E+01         0.81907E+00
   0.287         0.12438E+01         0.81923E+00
   0.288         0.12436E+01         0.81939E+00
   0.289         0.12433E+01         0.81954E+00
   0.290         0.12431E+01         0.81969E+00
   0.291         0.12429E+01         0.81984E+00
   0.292         0.12427E+01         0.82000E+00
   0.293         0.12425E+01         0.82015E+00
   0.294         0.12423E+01         0.82029E+00
   0.295         0.12421E+01         0.82044E+00
   0.296         0.12419E+01         0.82059E+00
   0.297         0.12417E+01         0.82074E+00
   0.298         0.12415E+01         0.82088E+00
   0.299         0.12413E+01         0.82103E+00
   0.300         0.12411E+01         0.82117E+00
   0.301         0.12409E+01         0.82131E+00
   0.302         0.12407E+01         0.82146E+00
   0.303         0.12405E+01         0.82160E+00
   0.304         0.12403E+01         0.82174E+00
   0.305         0.12401E+01         0.82188E+00
   0.306         0.12399E+01         0.82201E+00
   0.307         0.12397E+01         0.82215E+00
   0.308         0.12395E+01         0.82229E+00
   0.309         0.12393E+01         0.82243E+00
   0.310         0.12391E+01         0.82256E+00
   0.311         0.12389E+01         0.82270E+00
   0.312         0.12388E+01         0.82283E+00
   0.313         0.12386E+01         0.82296E+00
   0.314         0.12384E+01         0.82309E+00
   0.315         0.12382E+01         0.82323E+00
   0.316         0.12380E+01         0.82336E+00
   0.317         0.12378E+01         0.82349E+00
   0.318         0.12377E+01         0.82361E+00
   0.319         0.12375E+01         0.82374E+00
   0.320         0.12373E+01         0.82387E+00
   0.321         0.12371E+01         0.82400E+00
   0.322         0.12370E+01         0.82412E+00
   0.323         0.12368E+01         0.82425E+00
   0.324         0.12366E+01         0.82437E+00
   0.325         0.12364E+01         0.82450E+00
   0.326         0.12363E+01         0.82462E+00
   0.327         0.12361E+01         0.82474E+00
   0.328         0.12359E+01         0.82486E+00
   0.329         0.12358E+01         0.82499E+00
   0.330         0.12356E+01         0.82511E+00
   0.331         0.12354E+01         0.82523E+00
   0.332         0.12353E+01         0.82535E+00
   0.333         0.12351E+01         0.82546E+00
   0.334         0.12349E+01         0.82558E+00
   0.335         0.12348E+01         0.82570E+00
   0.336         0.12346E+01         0.82581E+00
   0.337         0.12344E+01         0.82593E+00
   0.338         0.12343E+01         0.82605E+00
   0.339         0.12341E+01         0.82616E+00
   0.340         0.12340E+01         0.82627E+00
   0.341         0.12338E+01         0.82639E+00
   0.342         0.12336E+01         0.82650E+00
   0.343         0.12335E+01         0.82661E+00
   0.344         0.12333E+01         0.82672E+00
   0.345         0.12332E+01         0.82683E+00
   0.346         0.12330E+01         0.82694E+00
   0.347         0.12329E+01         0.82705E+00
   0.348         0.12327E+01         0.82716E+00
   0.349         0.12326E+01         0.82727E+00
   0.350         0.12324E+01         0.82738E+00
   0.351         0.12323E+01         0.82749E+00
   0.352         0.12321E+01         0.82759E+00
   0.353         0.12320E+01         0.82770E+00
   0.354         0.12318E+01         0.82780E+00
   0.355         0.12317E+01         0.82791E+00
   0.356         0.12315E+01         0.82801E+00
   0.357         0.12314E+01         0.82812E+00
   0.358         0.12312E+01         0.82822E+00
   0.359         0.12311E+01         0.82832E+00
   0.360         0.12310E+01         0.82843E+00
   0.361         0.12308E+01         0.82853E+00
   0.362         0.12307E+01         0.82863E+00
   0.363         0.12305E+01         0.82873E+00
   0.364         0.12304E+01         0.82883E+00
   0.365         0.12302E+01         0.82893E+00
   0.366         0.12301E+01         0.82903E+00
   0.367         0.12300E+01         0.82913E+00
   0.368         0.12298E+01         0.82922E+00
   0.369         0.12297E+01         0.82932E+00
   0.370         0.12296E+01         0.82942E+00
   0.371         0.12294E+01         0.82952E+00
   0.372         0.12293E+01         0.82961E+00
   0.373         0.12292E+01         0.82971E+00
   0.374         0.12290E+01         0.82980E+00
   0.375         0.12289E+01         0.82990E+00
   0.376         0.12288E+01         0.82999E+00
   0.377         0.12286E+01         0.83008E+00
   0.378         0.12285E+01         0.83018E+00
   0.379         0.12284E+01         0.83027E+00
   0.380         0.12282E+01         0.83036E+00
   0.381         0.12281E+01         0.83045E+00
   0.382         0.12280E+01         0.83054E+00
   0.383         0.12279E+01         0.83064E+00
   0.384         0.12277E+01         0.83073E+00
   0.385         0.12276E+01         0.83082E+00
   0.386         0.12275E+01         0.83091E+00
   0.387         0.12274E+01         0.83099E+00
   0.388         0.12272E+01         0.83108E+00
   0.389         0.12271E+01         0.83117E+00
   0.390         0.12270E+01         0.83126E+00
   0.391         0.12269E+01         0.83135E+00
   0.392         0.12267E+01         0.83143E+00
   0.393         0.12266E+01         0.83152E+00
   0.394         0.12265E+01         0.83160E+00
   0.395         0.12264E+01         0.83169E+00
   0.396         0.12263E+01         0.83178E+00
   0.397         0.12261E+01         0.83186E+00
   0.398         0.12260E+01         0.83194E+00
   0.399         0.12259E+01         0.83203E+00
   0.400         0.12258E+01         0.83211E+00
   0.401         0.12257E+01         0.83219E+00
   0.402         0.12256E+01         0.83228E+00
   0.403         0.12254E+01         0.83236E+00
   0.404         0.12253E+01         0.83244E+00
   0.405         0.12252E+01         0.83252E+00
   0.406         0.12251E+01         0.83260E+00
   0.407         0.12250E+01         0.83268E+00
   0.408         0.12249E+01         0.83276E+00
   0.409         0.12248E+01         0.83284E+00
   0.410         0.12247E+01         0.83292E+00
   0.411         0.12245E+01         0.83300E+00
   0.412         0.12244E+01         0.83308E+00
   0.413         0.12243E+01         0.83316E+00
   0.414         0.12242E+01         0.83324E+00
   0.415         0.12241E+01         0.83332E+00
   0.416         0.12240E+01         0.83339E+00
   0.417         0.12239E+01         0.83347E+00
   0.418         0.12238E+01         0.83355E+00
   0.419         0.12237E+01         0.83362E+00
   0.420         0.12236E+01         0.83370E+00
   0.421         0.12235E+01         0.83377E+00
   0.422         0.12233E+01         0.83385E+00
   0.423         0.12232E+01         0.83392E+00
   0.424         0.12231E+01         0.83400E+00
   0.425         0.12230E+01         0.83407E+00
   0.426         0.12229E+01         0.83415E+00
   0.427         0.12228E+01         0.83422E+00
   0.428         0.12227E+01         0.83429E+00
   0.429         0.12226E+01         0.83437E+00
   0.430         0.12225E+01         0.83444E+00
   0.431         0.12224E+01         0.83451E+00
   0.432         0.12223E+01         0.83458E+00
   0.433         0.12222E+01         0.83465E+00
   0.434         0.12221E+01         0.83473E+00
   0.435         0.12220E+01         0.83480E+00
   0.436         0.12219E+01         0.83487E+00
   0.437         0.12218E+01         0.83494E+00
   0.438         0.12217E+01         0.83501E+00
   0.439         0.12216E+01         0.83508E+00
   0.440         0.12215E+01         0.83515E+00
   0.441         0.12214E+01         0.83521E+00
   0.442         0.12213E+01         0.83528E+00
   0.443         0.12212E+01         0.83535E+00
   0.444         0.12211E+01         0.83542E+00
   0.445         0.12210E+01         0.83549E+00
   0.446         0.12209E+01         0.83555E+00
   0.447         0.12209E+01         0.83562E+00
   0.448         0.12208E+01         0.83569E+00
   0.449         0.12207E+01         0.83575E+00
   0.450         0.12206E+01         0.83582E+00
   0.451         0.12205E+01         0.83589E+00
   0.452         0.12204E+01         0.83595E+00
   0.453         0.12203E+01         0.83602E+00
   0.454         0.12202E+01         0.83608E+00
   0.455         0.12201E+01         0.83615E+00
   0.456         0.12200E+01         0.83621E+00
   0.457         0.12199E+01         0.83628E+00
   0.458         0.12198E+01         0.83634E+00
   0.459         0.12197E+01         0.83640E+00
   0.460         0.12197E+01         0.83647E+00
   0.461         0.12196E+01         0.83653E+00
   0.462         0.12195E+01         0.83659E+00
   0.463         0.12194E+01         0.83665E+00
   0.464         0.12193E+01         0.83672E+00
   0.465         0.12192E+01         0.83678E+00
   0.466         0.12191E+01         0.83684E+00
   0.467         0.12190E+01         0.83690E+00
   0.468         0.12190E+01         0.83696E+00
   0.469         0.12189E+01         0.83702E+00
   0.470         0.12188E+01         0.83709E+00
   0.471         0.12187E+01         0.83715E+00
   0.472         0.12186E+01         0.83721E+00
   0.473         0.12185E+01         0.83727E+00
   0.474         0.12184E+01         0.83733E+00
   0.475         0.12184E+01         0.83738E+00
   0.476         0.12183E+01         0.83744E+00
   0.477         0.12182E+01         0.83750E+00
   0.478         0.12181E+01         0.83756E+00
   0.479         0.12180E+01         0.83762E+00
   0.480         0.12179E+01         0.83768E+00
   0.481         0.12179E+01         0.83774E+00
   0.482         0.12178E+01         0.83779E+00
   0.483         0.12177E+01         0.83785E+00
   0.484         0.12176E+01         0.83791E+00
   0.485         0.12175E+01         0.83796E+00
   0.486         0.12175E+01         0.83802E+00
   0.487         0.12174E+01         0.83808E+00
   0.488         0.12173E+01         0.83813E+00
   0.489         0.12172E+01         0.83819E+00
   0.490         0.12171E+01         0.83825E+00
   0.491         0.12171E+01         0.83830E+00
   0.492         0.12170E+01         0.83836E+00
   0.493         0.12169E+01         0.83841E+00
   0.494         0.12168E+01         0.83847E+00
   0.495         0.12167E+01         0.83852E+00
   0.496         0.12167E+01         0.83858E+00
   0.497         0.12166E+01         0.83863E+00
   0.498         0.12165E+01         0.83868E+00
   0.499         0.12164E+01         0.83874E+00
   0.500         0.12164E+01         0.83879E+00
   0.501         0.12163E+01         0.83884E+00
   0.502         0.12162E+01         0.83890E+00
   0.503         0.12161E+01         0.83895E+00
   0.504         0.12161E+01         0.83900E+00
   0.505         0.12160E+01         0.83906E+00
   0.506         0.12159E+01         0.83911E+00
   0.507         0.12158E+01         0.83916E+00
   0.508         0.12158E+01         0.83921E+00
   0.509         0.12157E+01         0.83926E+00
   0.510         0.12156E+01         0.83931E+00
   0.511         0.12155E+01         0.83937E+00
   0.512         0.12155E+01         0.83942E+00
   0.513         0.12154E+01         0.83947E+00
   0.514         0.12153E+01         0.83952E+00
   0.515         0.12153E+01         0.83957E+00
   0.516         0.12152E+01         0.83962E+00
   0.517         0.12151E+01         0.83967E+00
   0.518         0.12150E+01         0.83972E+00
   0.519         0.12150E+01         0.83977E+00
   0.520         0.12149E+01         0.83982E+00
   0.521         0.12148E+01         0.83987E+00
   0.522         0.12148E+01         0.83992E+00
   0.523         0.12147E+01         0.83996E+00
   0.524         0.12146E+01         0.84001E+00
   0.525         0.12145E+01         0.84006E+00
   0.526         0.12145E+01         0.84011E+00
   0.527         0.12144E+01         0.84016E+00
   0.528         0.12143E+01         0.84021E+00
   0.529         0.12143E+01         0.84025E+00
   0.530         0.12142E+01         0.84030E+00
   0.531         0.12141E+01         0.84035E+00
   0.532         0.12141E+01         0.84040E+00
   0.533         0.12140E+01         0.84044E+00
   0.534         0.12139E+01         0.84049E+00
   0.535         0.12139E+01         0.84054E+00
   0.536         0.12138E+01         0.84058E+00
   0.537         0.12137E+01         0.84063E+00
   0.538         0.12137E+01         0.84067E+00
   0.539         0.12136E+01         0.84072E+00
   0.540         0.12135E+01         0.84077E+00
   0.541         0.12135E+01         0.84081E+00
   0.542         0.12134E+01         0.84086E+00
   0.543         0.12133E+01         0.84090E+00
   0.544         0.12133E+01         0.84095E+00
   0.545         0.12132E+01         0.84099E+00
   0.546         0.12132E+01         0.84104E+00
   0.547         0.12131E+01         0.84108E+00
   0.548         0.12130E+01         0.84113E+00
   0.549         0.12130E+01         0.84117E+00
   0.550         0.12129E+01         0.84121E+00
   0.551         0.12128E+01         0.84126E+00
   0.552         0.12128E+01         0.84130E+00
   0.553         0.12127E+01         0.84134E+00
   0.554         0.12126E+01         0.84139E+00
   0.555         0.12126E+01         0.84143E+00
   0.556         0.12125E+01         0.84147E+00
   0.557         0.12125E+01         0.84152E+00
   0.558         0.12124E+01         0.84156E+00
   0.559         0.12123E+01         0.84160E+00
   0.560         0.12123E+01         0.84164E+00
   0.561         0.12122E+01         0.84169E+00
   0.562         0.12122E+01         0.84173E+00
   0.563         0.12121E+01         0.84177E+00
   0.564         0.12120E+01         0.84181E+00
   0.565         0.12120E+01         0.84185E+00
   0.566         0.12119E+01         0.84190E+00
   0.567         0.12119E+01         0.84194E+00
   0.568         0.12118E+01         0.84198E+00
   0.569         0.12117E+01         0.84202E+00
   0.570         0.12117E+01         0.84206E+00
   0.571         0.12116E+01         0.84210E+00
   0.572         0.12116E+01         0.84214E+00
   0.573         0.12115E+01         0.84218E+00
   0.574         0.12114E+01         0.84222E+00
   0.575         0.12114E+01         0.84226E+00
   0.576         0.12113E+01         0.84230E+00
   0.577         0.12113E+01         0.84234E+00
   0.578         0.12112E+01         0.84238E+00
   0.579         0.12112E+01         0.84242E+00
   0.580         0.12111E+01         0.84246E+00
   0.581         0.12110E+01         0.84250E+00
   0.582         0.12110E+01         0.84254E+00
   0.583         0.12109E+01         0.84258E+00
   0.584         0.12109E+01         0.84262E+00
   0.585         0.12108E+01         0.84265E+00
   0.586         0.12108E+01         0.84269E+00
   0.587         0.12107E+01         0.84273E+00
   0.588         0.12107E+01         0.84277E+00
   0.589         0.12106E+01         0.84281E+00
   0.590         0.12105E+01         0.84285E+00
   0.591         0.12105E+01         0.84288E+00
   0.592         0.12104E+01         0.84292E+00
   0.593         0.12104E+01         0.84296E+00
   0.594         0.12103E+01         0.84300E+00
   0.595         0.12103E+01         0.84303E+00
   0.596         0.12102E+01         0.84307E+00
   0.597         0.12102E+01         0.84311E+00
   0.598         0.12101E+01         0.84314E+00
   0.599         0.12101E+01         0.84318E+00
   0.600         0.12100E+01         0.84322E+00
   0.601         0.12099E+01         0.84325E+00
   0.602         0.12099E+01         0.84329E+00
   0.603         0.12098E+01         0.84333E+00
   0.604         0.12098E+01         0.84336E+00
   0.605         0.12097E+01         0.84340E+00
   0.606         0.12097E+01         0.84343E+00
   0.607         0.12096E+01         0.84347E+00
   0.608         0.12096E+01         0.84351E+00
   0.609         0.12095E+01         0.84354E+00
   0.610         0.12095E+01         0.84358E+00
   0.611         0.12094E+01         0.84361E+00
   0.612         0.12094E+01         0.84365E+00
   0.613         0.12093E+01         0.84368E+00
   0.614         0.12093E+01         0.84372E+00
   0.615         0.12092E+01         0.84375E+00
   0.616         0.12092E+01         0.84379E+00
   0.617         0.12091E+01         0.84382E+00
   0.618         0.12091E+01         0.84386E+00
   0.619         0.12090E+01         0.84389E+00
   0.620         0.12090E+01         0.84392E+00
   0.621         0.12089E+01         0.84396E+00
   0.622         0.12089E+01         0.84399E+00
   0.623         0.12088E+01         0.84403E+00
   0.624         0.12088E+01         0.84406E+00
   0.625         0.12087E+01         0.84409E+00
   0.626         0.12087E+01         0.84413E+00
   0.627         0.12086E+01         0.84416E+00
   0.628         0.12086E+01         0.84419E+00
   0.629         0.12085E+01         0.84423E+00
   0.630         0.12085E+01         0.84426E+00
   0.631         0.12084E+01         0.84429E+00
   0.632         0.12084E+01         0.84432E+00
   0.633         0.12083E+01         0.84436E+00
   0.634         0.12083E+01         0.84439E+00
   0.635         0.12082E+01         0.84442E+00
   0.636         0.12082E+01         0.84445E+00
   0.637         0.12082E+01         0.84449E+00
   0.638         0.12081E+01         0.84452E+00
   0.639         0.12081E+01         0.84455E+00
   0.640         0.12080E+01         0.84458E+00
   0.641         0.12080E+01         0.84462E+00
   0.642         0.12079E+01         0.84465E+00
   0.643         0.12079E+01         0.84468E+00
   0.644         0.12078E+01         0.84471E+00
   0.645         0.12078E+01         0.84474E+00
   0.646         0.12077E+01         0.84477E+00
   0.647         0.12077E+01         0.84480E+00
   0.648         0.12076E+01         0.84483E+00
   0.649         0.12076E+01         0.84487E+00
   0.650         0.12075E+01         0.84490E+00
   0.651         0.12075E+01         0.84493E+00
   0.652         0.12075E+01         0.84496E+00
   0.653         0.12074E+01         0.84499E+00
   0.654         0.12074E+01         0.84502E+00
   0.655         0.12073E+01         0.84505E+00
   0.656         0.12073E+01         0.84508E+00
   0.657         0.12072E+01         0.84511E+00
   0.658         0.12072E+01         0.84514E+00
   0.659         0.12071E+01         0.84517E+00
   0.660         0.12071E+01         0.84520E+00
   0.661         0.12071E+01         0.84523E+00
   0.662         0.12070E+01         0.84526E+00
   0.663         0.12070E+01         0.84529E+00
   0.664         0.12069E+01         0.84532E+00
   0.665         0.12069E+01         0.84535E+00
   0.666         0.12068E+01         0.84538E+00
   0.667         0.12068E+01         0.84541E+00
   0.668         0.12068E+01         0.84543E+00
   0.669         0.12067E+01         0.84546E+00
   0.670         0.12067E+01         0.84549E+00
   0.671         0.12066E+01         0.84552E+00
   0.672         0.12066E+01         0.84555E+00
   0.673         0.12065E+01         0.84558E+00
   0.674         0.12065E+01         0.84561E+00
   0.675         0.12065E+01         0.84564E+00
   0.676         0.12064E+01         0.84566E+00
   0.677         0.12064E+01         0.84569E+00
   0.678         0.12063E+01         0.84572E+00
   0.679         0.12063E+01         0.84575E+00
   0.680         0.12063E+01         0.84578E+00
   0.681         0.12062E+01         0.84580E+00
   0.682         0.12062E+01         0.84583E+00
   0.683         0.12061E+01         0.84586E+00
   0.684         0.12061E+01         0.84589E+00
   0.685         0.12060E+01         0.84591E+00
   0.686         0.12060E+01         0.84594E+00
   0.687         0.12060E+01         0.84597E+00
   0.688         0.12059E+01         0.84600E+00
   0.689         0.12059E+01         0.84602E+00
   0.690         0.12058E+01         0.84605E+00
   0.691         0.12058E+01         0.84608E+00
   0.692         0.12058E+01         0.84610E+00
   0.693         0.12057E+01         0.84613E+00
   0.694         0.12057E+01         0.84616E+00
   0.695         0.12056E+01         0.84619E+00
   0.696         0.12056E+01         0.84621E+00
   0.697         0.12056E+01         0.84624E+00
   0.698         0.12055E+01         0.84626E+00
   0.699         0.12055E+01         0.84629E+00
   0.700         0.12054E+01         0.84632E+00
   0.701         0.12054E+01         0.84634E+00
   0.702         0.12054E+01         0.84637E+00
   0.703         0.12053E+01         0.84640E+00
   0.704         0.12053E+01         0.84642E+00
   0.705         0.12053E+01         0.84645E+00
   0.706         0.12052E+01         0.84647E+00
   0.707         0.12052E+01         0.84650E+00
   0.708         0.12051E+01         0.84652E+00
   0.709         0.12051E+01         0.84655E+00
   0.710         0.12051E+01         0.84658E+00
   0.711         0.12050E+01         0.84660E+00
   0.712         0.12050E+01         0.84663E+00
   0.713         0.12050E+01         0.84665E+00
   0.714         0.12049E+01         0.84668E+00
   0.715         0.12049E+01         0.84670E+00
   0.716         0.12048E+01         0.84673E+00
   0.717         0.12048E+01         0.84675E+00
   0.718         0.12048E+01         0.84678E+00
   0.719         0.12047E+01         0.84680E+00
   0.720         0.12047E+01         0.84683E+00
   0.721         0.12047E+01         0.84685E+00
   0.722         0.12046E+01         0.84687E+00
   0.723         0.12046E+01         0.84690E+00
   0.724         0.12045E+01         0.84692E+00
   0.725         0.12045E+01         0.84695E+00
   0.726         0.12045E+01         0.84697E+00
   0.727         0.12044E+01         0.84700E+00
   0.728         0.12044E+01         0.84702E+00
   0.729         0.12044E+01         0.84704E+00
   0.730         0.12043E+01         0.84707E+00
   0.731         0.12043E+01         0.84709E+00
   0.732         0.12043E+01         0.84711E+00
   0.733         0.12042E+01         0.84714E+00
   0.734         0.12042E+01         0.84716E+00
   0.735         0.12041E+01         0.84719E+00
   0.736         0.12041E+01         0.84721E+00
   0.737         0.12041E+01         0.84723E+00
   0.738         0.12040E+01         0.84726E+00
   0.739         0.12040E+01         0.84728E+00
   0.740         0.12040E+01         0.84730E+00
   0.741         0.12039E+01         0.84733E+00
   0.742         0.12039E+01         0.84735E+00
   0.743         0.12039E+01         0.84737E+00
   0.744         0.12038E+01         0.84739E+00
   0.745         0.12038E+01         0.84742E+00
   0.746         0.12038E+01         0.84744E+00
   0.747         0.12037E+01         0.84746E+00
   0.748         0.12037E+01         0.84749E+00
   0.749         0.12037E+01         0.84751E+00
   0.750         0.12036E+01         0.84753E+00
   0.751         0.12036E+01         0.84755E+00
   0.752         0.12036E+01         0.84758E+00
   0.753         0.12035E+01         0.84760E+00
   0.754         0.12035E+01         0.84762E+00
   0.755         0.12035E+01         0.84764E+00
   0.756         0.12034E+01         0.84766E+00
   0.757         0.12034E+01         0.84769E+00
   0.758         0.12034E+01         0.84771E+00
   0.759         0.12033E+01         0.84773E+00
   0.760         0.12033E+01         0.84775E+00
   0.761         0.12033E+01         0.84777E+00
   0.762         0.12032E+01         0.84780E+00
   0.763         0.12032E+01         0.84782E+00
   0.764         0.12032E+01         0.84784E+00
   0.765         0.12031E+01         0.84786E+00
   0.766         0.12031E+01         0.84788E+00
   0.767         0.12031E+01         0.84790E+00
   0.768         0.12030E+01         0.84792E+00
   0.769         0.12030E+01         0.84795E+00
   0.770         0.12030E+01         0.84797E+00
   0.771         0.12029E+01         0.84799E+00
   0.772         0.12029E+01         0.84801E+00
   0.773         0.12029E+01         0.84803E+00
   0.774         0.12028E+01         0.84805E+00
   0.775         0.12028E+01         0.84807E+00
   0.776         0.12028E+01         0.84809E+00
   0.777         0.12027E+01         0.84811E+00
   0.778         0.12027E+01         0.84813E+00
   0.779         0.12027E+01         0.84815E+00
   0.780         0.12027E+01         0.84818E+00
   0.781         0.12026E+01         0.84820E+00
   0.782         0.12026E+01         0.84822E+00
   0.783         0.12026E+01         0.84824E+00
   0.784         0.12025E+01         0.84826E+00
   0.785         0.12025E+01         0.84828E+00
   0.786         0.12025E+01         0.84830E+00
   0.787         0.12024E+01         0.84832E+00
   0.788         0.12024E+01         0.84834E+00
   0.789         0.12024E+01         0.84836E+00
   0.790         0.12023E+01         0.84838E+00
   0.791         0.12023E+01         0.84840E+00
   0.792         0.12023E+01         0.84842E+00
   0.793         0.12023E+01         0.84844E+00
   0.794         0.12022E+01         0.84846E+00
   0.795         0.12022E+01         0.84848E+00
   0.796         0.12022E+01         0.84850E+00
   0.797         0.12021E+01         0.84852E+00
   0.798         0.12021E+01         0.84854E+00
   0.799         0.12021E+01         0.84856E+00
   0.800         0.12020E+01         0.84858E+00
   0.801         0.12020E+01         0.84859E+00
   0.802         0.12020E+01         0.84861E+00
   0.803         0.12020E+01         0.84863E+00
   0.804         0.12019E+01         0.84865E+00
   0.805         0.12019E+01         0.84867E+00
   0.806         0.12019E+01         0.84869E+00
   0.807         0.12018E+01         0.84871E+00
   0.808         0.12018E+01         0.84873E+00
   0.809         0.12018E+01         0.84875E+00
   0.810         0.12017E+01         0.84877E+00
   0.811         0.12017E+01         0.84879E+00
   0.812         0.12017E+01         0.84880E+00
   0.813         0.12017E+01         0.84882E+00
   0.814         0.12016E+01         0.84884E+00
   0.815         0.12016E+01         0.84886E+00
   0.816         0.12016E+01         0.84888E+00
   0.817         0.12015E+01         0.84890E+00
   0.818         0.12015E+01         0.84892E+00
   0.819         0.12015E+01         0.84893E+00
   0.820         0.12015E+01         0.84895E+00
   0.821         0.12014E+01         0.84897E+00
   0.822         0.12014E+01         0.84899E+00
   0.823         0.12014E+01         0.84901E+00
   0.824         0.12013E+01         0.84903E+00
   0.825         0.12013E+01         0.84904E+00
   0.826         0.12013E+01         0.84906E+00
   0.827         0.12013E+01         0.84908E+00
   0.828         0.12012E+01         0.84910E+00
   0.829         0.12012E+01         0.84912E+00
   0.830         0.12012E+01         0.84913E+00
   0.831         0.12012E+01         0.84915E+00
   0.832         0.12011E+01         0.84917E+00
   0.833         0.12011E+01         0.84919E+00
   0.834         0.12011E+01         0.84920E+00
   0.835         0.12010E+01         0.84922E+00
   0.836         0.12010E+01         0.84924E+00
   0.837         0.12010E+01         0.84926E+00
   0.838         0.12010E+01         0.84927E+00
   0.839         0.12009E+01         0.84929E+00
   0.840         0.12009E+01         0.84931E+00
   0.841         0.12009E+01         0.84933E+00
   0.842         0.12009E+01         0.84934E+00
   0.843         0.12008E+01         0.84936E+00
   0.844         0.12008E+01         0.84938E+00
   0.845         0.12008E+01         0.84940E+00
   0.846         0.12007E+01         0.84941E+00
   0.847         0.12007E+01         0.84943E+00
   0.848         0.12007E+01         0.84945E+00
   0.849         0.12007E+01         0.84946E+00
   0.850         0.12006E+01         0.84948E+00
   0.851         0.12006E+01         0.84950E+00
   0.852         0.12006E+01         0.84951E+00
   0.853         0.12006E+01         0.84953E+00
   0.854         0.12005E+01         0.84955E+00
   0.855         0.12005E+01         0.84956E+00
   0.856         0.12005E+01         0.84958E+00
   0.857         0.12005E+01         0.84960E+00
   0.858         0.12004E+01         0.84961E+00
   0.859         0.12004E+01         0.84963E+00
   0.860         0.12004E+01         0.84965E+00
   0.861         0.12004E+01         0.84966E+00
   0.862         0.12003E+01         0.84968E+00
   0.863         0.12003E+01         0.84970E+00
   0.864         0.12003E+01         0.84971E+00
   0.865         0.12003E+01         0.84973E+00
   0.866         0.12002E+01         0.84974E+00
   0.867         0.12002E+01         0.84976E+00
   0.868         0.12002E+01         0.84978E+00
   0.869         0.12002E+01         0.84979E+00
   0.870         0.12001E+01         0.84981E+00
   0.871         0.12001E+01         0.84983E+00
   0.872         0.12001E+01         0.84984E+00
   0.873         0.12001E+01         0.84986E+00
   0.874         0.12000E+01         0.84987E+00
   0.875         0.12000E+01         0.84989E+00
   0.876         0.12000E+01         0.84990E+00
   0.877         0.12000E+01         0.84992E+00
   0.878         0.11999E+01         0.84994E+00
   0.879         0.11999E+01         0.84995E+00
   0.880         0.11999E+01         0.84997E+00
   0.881         0.11999E+01         0.84998E+00
   0.882         0.11998E+01         0.85000E+00
   0.883         0.11998E+01         0.85001E+00
   0.884         0.11998E+01         0.85003E+00
   0.885         0.11998E+01         0.85004E+00
   0.886         0.11997E+01         0.85006E+00
   0.887         0.11997E+01         0.85007E+00
   0.888         0.11997E+01         0.85009E+00
   0.889         0.11997E+01         0.85011E+00
   0.890         0.11996E+01         0.85012E+00
   0.891         0.11996E+01         0.85014E+00
   0.892         0.11996E+01         0.85015E+00
   0.893         0.11996E+01         0.85017E+00
   0.894         0.11995E+01         0.85018E+00
   0.895         0.11995E+01         0.85020E+00
   0.896         0.11995E+01         0.85021E+00
   0.897         0.11995E+01         0.85023E+00
   0.898         0.11995E+01         0.85024E+00
   0.899         0.11994E+01         0.85026E+00
   0.900         0.11994E+01         0.85027E+00
   0.901         0.11994E+01         0.85028E+00
   0.902         0.11994E+01         0.85030E+00
   0.903         0.11993E+01         0.85031E+00
   0.904         0.11993E+01         0.85033E+00
   0.905         0.11993E+01         0.85034E+00
   0.906         0.11993E+01         0.85036E+00
   0.907         0.11992E+01         0.85037E+00
   0.908         0.11992E+01         0.85039E+00
   0.909         0.11992E+01         0.85040E+00
   0.910         0.11992E+01         0.85042E+00
   0.911         0.11992E+01         0.85043E+00
   0.912         0.11991E+01         0.85044E+00
   0.913         0.11991E+01         0.85046E+00
   0.914         0.11991E+01         0.85047E+00
   0.915         0.11991E+01         0.85049E+00
   0.916         0.11990E+01         0.85050E+00
   0.917         0.11990E+01         0.85052E+00
   0.918         0.11990E+01         0.85053E+00
   0.919         0.11990E+01         0.85054E+00
   0.920         0.11989E+01         0.85056E+00
   0.921         0.11989E+01         0.85057E+00
   0.922         0.11989E+01         0.85059E+00
   0.923         0.11989E+01         0.85060E+00
   0.924         0.11989E+01         0.85061E+00
   0.925         0.11988E+01         0.85063E+00
   0.926         0.11988E+01         0.85064E+00
   0.927         0.11988E+01         0.85066E+00
   0.928         0.11988E+01         0.85067E+00
   0.929         0.11988E+01         0.85068E+00
   0.930         0.11987E+01         0.85070E+00
   0.931         0.11987E+01         0.85071E+00
   0.932         0.11987E+01         0.85072E+00
   0.933         0.11987E+01         0.85074E+00
   0.934         0.11986E+01         0.85075E+00
   0.935         0.11986E+01         0.85076E+00
   0.936         0.11986E+01         0.85078E+00
   0.937         0.11986E+01         0.85079E+00
   0.938         0.11986E+01         0.85080E+00
   0.939         0.11985E+01         0.85082E+00
   0.940         0.11985E+01         0.85083E+00
   0.941         0.11985E+01         0.85084E+00
   0.942         0.11985E+01         0.85086E+00
   0.943         0.11984E+01         0.85087E+00
   0.944         0.11984E+01         0.85088E+00
   0.945         0.11984E+01         0.85090E+00
   0.946         0.11984E+01         0.85091E+00
   0.947         0.11984E+01         0.85092E+00
   0.948         0.11983E+01         0.85094E+00
   0.949         0.11983E+01         0.85095E+00
   0.950         0.11983E+01         0.85096E+00
   0.951         0.11983E+01         0.85098E+00
   0.952         0.11983E+01         0.85099E+00
   0.953         0.11982E+01         0.85100E+00
   0.954         0.11982E+01         0.85101E+00
   0.955         0.11982E+01         0.85103E+00
   0.956         0.11982E+01         0.85104E+00
   0.957         0.11982E+01         0.85105E+00
   0.958         0.11981E+01         0.85107E+00
   0.959         0.11981E+01         0.85108E+00
   0.960         0.11981E+01         0.85109E+00
   0.961         0.11981E+01         0.85110E+00
   0.962         0.11981E+01         0.85112E+00
   0.963         0.11980E+01         0.85113E+00
   0.964         0.11980E+01         0.85114E+00
   0.965         0.11980E+01         0.85115E+00
   0.966         0.11980E+01         0.85117E+00
   0.967         0.11980E+01         0.85118E+00
   0.968         0.11979E+01         0.85119E+00
   0.969         0.11979E+01         0.85120E+00
   0.970         0.11979E+01         0.85122E+00
   0.971         0.11979E+01         0.85123E+00
   0.972         0.11979E+01         0.85124E+00
   0.973         0.11978E+01         0.85125E+00
   0.974         0.11978E+01         0.85127E+00
   0.975         0.11978E+01         0.85128E+00
   0.976         0.11978E+01         0.85129E+00
   0.977         0.11978E+01         0.85130E+00
   0.978         0.11977E+01         0.85131E+00
   0.979         0.11977E+01         0.85133E+00
   0.980         0.11977E+01         0.85134E+00
   0.981         0.11977E+01         0.85135E+00
   0.982         0.11977E+01         0.85136E+00
   0.983         0.11976E+01         0.85137E+00
   0.984         0.11976E+01         0.85139E+00
   0.985         0.11976E+01         0.85140E+00
   0.986         0.11976E+01         0.85141E+00
   0.987         0.11976E+01         0.85142E+00
   0.988         0.11975E+01         0.85143E+00
   0.989         0.11975E+01         0.85145E+00
   0.990         0.11975E+01         0.85146E+00
   0.991         0.11975E+01         0.85147E+00
   0.992         0.11975E+01         0.85148E+00
   0.993         0.11974E+01         0.85149E+00
   0.994         0.11974E+01         0.85150E+00
   0.995         0.11974E+01         0.85152E+00
   0.996         0.11974E+01         0.85153E+00
   0.997         0.11974E+01         0.85154E+00
   0.998         0.11974E+01         0.85155E+00
   0.999         0.11973E+01         0.85156E+00
   1.000         0.11973E+01         0.85157E+00
   1.001         0.11973E+01         0.85158E+00
   1.002         0.11973E+01         0.85160E+00
   1.003         0.11973E+01         0.85161E+00
   1.004         0.11972E+01         0.85162E+00
   1.005         0.11972E+01         0.85163E+00
   1.006         0.11972E+01         0.85164E+00
   1.007         0.11972E+01         0.85165E+00
   1.008         0.11972E+01         0.85166E+00
   1.009         0.11971E+01         0.85167E+00
   1.010         0.11971E+01         0.85169E+00
   1.011         0.11971E+01         0.85170E+00
   1.012         0.11971E+01         0.85171E+00
   1.013         0.11971E+01         0.85172E+00
   1.014         0.11971E+01         0.85173E+00
   1.015         0.11970E+01         0.85174E+00
   1.016         0.11970E+01         0.85175E+00
   1.017         0.11970E+01         0.85176E+00
   1.018         0.11970E+01         0.85177E+00
   1.019         0.11970E+01         0.85179E+00
   1.020         0.11969E+01         0.85180E+00
   1.021         0.11969E+01         0.85181E+00
   1.022         0.11969E+01         0.85182E+00
   1.023         0.11969E+01         0.85183E+00
   1.024         0.11969E+01         0.85184E+00
   1.025         0.11969E+01         0.85185E+00
   1.026         0.11968E+01         0.85186E+00
   1.027         0.11968E+01         0.85187E+00
   1.028         0.11968E+01         0.85188E+00
   1.029         0.11968E+01         0.85189E+00
   1.030         0.11968E+01         0.85190E+00
   1.031         0.11967E+01         0.85192E+00
   1.032         0.11967E+01         0.85193E+00
   1.033         0.11967E+01         0.85194E+00
   1.034         0.11967E+01         0.85195E+00
   1.035         0.11967E+01         0.85196E+00
   1.036         0.11967E+01         0.85197E+00
   1.037         0.11966E+01         0.85198E+00
   1.038         0.11966E+01         0.85199E+00
   1.039         0.11966E+01         0.85200E+00
   1.040         0.11966E+01         0.85201E+00
   1.041         0.11966E+01         0.85202E+00
   1.042         0.11966E+01         0.85203E+00
   1.043         0.11965E+01         0.85204E+00
   1.044         0.11965E+01         0.85205E+00
   1.045         0.11965E+01         0.85206E+00
   1.046         0.11965E+01         0.85207E+00
   1.047         0.11965E+01         0.85208E+00
   1.048         0.11965E+01         0.85209E+00
   1.049         0.11964E+01         0.85210E+00
   1.050         0.11964E+01         0.85211E+00
   1.051         0.11964E+01         0.85212E+00
   1.052         0.11964E+01         0.85213E+00
   1.053         0.11964E+01         0.85214E+00
   1.054         0.11964E+01         0.85215E+00
   1.055         0.11963E+01         0.85216E+00
   1.056         0.11963E+01         0.85217E+00
   1.057         0.11963E+01         0.85218E+00
   1.058         0.11963E+01         0.85219E+00
   1.059         0.11963E+01         0.85220E+00
   1.060         0.11963E+01         0.85221E+00
   1.061         0.11962E+01         0.85222E+00
   1.062         0.11962E+01         0.85223E+00
   1.063         0.11962E+01         0.85224E+00
   1.064         0.11962E+01         0.85225E+00
   1.065         0.11962E+01         0.85226E+00
   1.066         0.11962E+01         0.85227E+00
   1.067         0.11961E+01         0.85228E+00
   1.068         0.11961E+01         0.85229E+00
   1.069         0.11961E+01         0.85230E+00
   1.070         0.11961E+01         0.85231E+00
   1.071         0.11961E+01         0.85232E+00
   1.072         0.11961E+01         0.85233E+00
   1.073         0.11960E+01         0.85234E+00
   1.074         0.11960E+01         0.85235E+00
   1.075         0.11960E+01         0.85236E+00
   1.076         0.11960E+01         0.85237E+00
   1.077         0.11960E+01         0.85238E+00
   1.078         0.11960E+01         0.85239E+00
   1.079         0.11959E+01         0.85240E+00
   1.080         0.11959E+01         0.85241E+00
   1.081         0.11959E+01         0.85242E+00
   1.082         0.11959E+01         0.85243E+00
   1.083         0.11959E+01         0.85244E+00
   1.084         0.11959E+01         0.85245E+00
   1.085         0.11958E+01         0.85245E+00
   1.086         0.11958E+01         0.85246E+00
   1.087         0.11958E+01         0.85247E+00
   1.088         0.11958E+01         0.85248E+00
   1.089         0.11958E+01         0.85249E+00
   1.090         0.11958E+01         0.85250E+00
   1.091         0.11958E+01         0.85251E+00
   1.092         0.11957E+01         0.85252E+00
   1.093         0.11957E+01         0.85253E+00
   1.094         0.11957E+01         0.85254E+00
   1.095         0.11957E+01         0.85255E+00
   1.096         0.11957E+01         0.85256E+00
   1.097         0.11957E+01         0.85257E+00
   1.098         0.11956E+01         0.85257E+00
   1.099         0.11956E+01         0.85258E+00
   1.100         0.11956E+01         0.85259E+00
   1.101         0.11956E+01         0.85260E+00
   1.102         0.11956E+01         0.85261E+00
   1.103         0.11956E+01         0.85262E+00
   1.104         0.11956E+01         0.85263E+00
   1.105         0.11955E+01         0.85264E+00
   1.106         0.11955E+01         0.85265E+00
   1.107         0.11955E+01         0.85266E+00
   1.108         0.11955E+01         0.85266E+00
   1.109         0.11955E+01         0.85267E+00
   1.110         0.11955E+01         0.85268E+00
   1.111         0.11954E+01         0.85269E+00
   1.112         0.11954E+01         0.85270E+00
   1.113         0.11954E+01         0.85271E+00
   1.114         0.11954E+01         0.85272E+00
   1.115         0.11954E+01         0.85273E+00
   1.116         0.11954E+01         0.85274E+00
   1.117         0.11954E+01         0.85274E+00
   1.118         0.11953E+01         0.85275E+00
   1.119         0.11953E+01         0.85276E+00
   1.120         0.11953E+01         0.85277E+00
   1.121         0.11953E+01         0.85278E+00
   1.122         0.11953E+01         0.85279E+00
   1.123         0.11953E+01         0.85280E+00
   1.124         0.11953E+01         0.85280E+00
   1.125         0.11952E+01         0.85281E+00
   1.126         0.11952E+01         0.85282E+00
   1.127         0.11952E+01         0.85283E+00
   1.128         0.11952E+01         0.85284E+00
   1.129         0.11952E+01         0.85285E+00
   1.130         0.11952E+01         0.85286E+00
   1.131         0.11951E+01         0.85286E+00
   1.132         0.11951E+01         0.85287E+00
   1.133         0.11951E+01         0.85288E+00
   1.134         0.11951E+01         0.85289E+00
   1.135         0.11951E+01         0.85290E+00
   1.136         0.11951E+01         0.85291E+00
   1.137         0.11951E+01         0.85291E+00
   1.138         0.11950E+01         0.85292E+00
   1.139         0.11950E+01         0.85293E+00
   1.140         0.11950E+01         0.85294E+00
   1.141         0.11950E+01         0.85295E+00
   1.142         0.11950E+01         0.85296E+00
   1.143         0.11950E+01         0.85296E+00
   1.144         0.11950E+01         0.85297E+00
   1.145         0.11949E+01         0.85298E+00
   1.146         0.11949E+01         0.85299E+00
   1.147         0.11949E+01         0.85300E+00
   1.148         0.11949E+01         0.85300E+00
   1.149         0.11949E+01         0.85301E+00
   1.150         0.11949E+01         0.85302E+00
   1.151         0.11949E+01         0.85303E+00
   1.152         0.11949E+01         0.85304E+00
   1.153         0.11948E+01         0.85305E+00
   1.154         0.11948E+01         0.85305E+00
   1.155         0.11948E+01         0.85306E+00
   1.156         0.11948E+01         0.85307E+00
   1.157         0.11948E+01         0.85308E+00
   1.158         0.11948E+01         0.85309E+00
   1.159         0.11948E+01         0.85309E+00
   1.160         0.11947E+01         0.85310E+00
   1.161         0.11947E+01         0.85311E+00
   1.162         0.11947E+01         0.85312E+00
   1.163         0.11947E+01         0.85312E+00
   1.164         0.11947E+01         0.85313E+00
   1.165         0.11947E+01         0.85314E+00
   1.166         0.11947E+01         0.85315E+00
   1.167         0.11946E+01         0.85316E+00
   1.168         0.11946E+01         0.85316E+00
   1.169         0.11946E+01         0.85317E+00
   1.170         0.11946E+01         0.85318E+00
   1.171         0.11946E+01         0.85319E+00
   1.172         0.11946E+01         0.85319E+00
   1.173         0.11946E+01         0.85320E+00
   1.174         0.11945E+01         0.85321E+00
   1.175         0.11945E+01         0.85322E+00
   1.176         0.11945E+01         0.85323E+00
   1.177         0.11945E+01         0.85323E+00
   1.178         0.11945E+01         0.85324E+00
   1.179         0.11945E+01         0.85325E+00
   1.180         0.11945E+01         0.85326E+00
   1.181         0.11945E+01         0.85326E+00
   1.182         0.11944E+01         0.85327E+00
   1.183         0.11944E+01         0.85328E+00
   1.184         0.11944E+01         0.85329E+00
   1.185         0.11944E+01         0.85329E+00
   1.186         0.11944E+01         0.85330E+00
   1.187         0.11944E+01         0.85331E+00
   1.188         0.11944E+01         0.85332E+00
   1.189         0.11943E+01         0.85332E+00
   1.190         0.11943E+01         0.85333E+00
   1.191         0.11943E+01         0.85334E+00
   1.192         0.11943E+01         0.85335E+00
   1.193         0.11943E+01         0.85335E+00
   1.194         0.11943E+01         0.85336E+00
   1.195         0.11943E+01         0.85337E+00
   1.196         0.11943E+01         0.85338E+00
   1.197         0.11942E+01         0.85338E+00
   1.198         0.11942E+01         0.85339E+00
   1.199         0.11942E+01         0.85340E+00
   1.200         0.11942E+01         0.85340E+00
   1.201         0.11942E+01         0.85341E+00
   1.202         0.11942E+01         0.85342E+00
   1.203         0.11942E+01         0.85343E+00
   1.204         0.11942E+01         0.85343E+00
   1.205         0.11941E+01         0.85344E+00
   1.206         0.11941E+01         0.85345E+00
   1.207         0.11941E+01         0.85345E+00
   1.208         0.11941E+01         0.85346E+00
   1.209         0.11941E+01         0.85347E+00
   1.210         0.11941E+01         0.85348E+00
   1.211         0.11941E+01         0.85348E+00
   1.212         0.11941E+01         0.85349E+00
   1.213         0.11940E+01         0.85350E+00
   1.214         0.11940E+01         0.85350E+00
   1.215         0.11940E+01         0.85351E+00
   1.216         0.11940E+01         0.85352E+00
   1.217         0.11940E+01         0.85353E+00
   1.218         0.11940E+01         0.85353E+00
   1.219         0.11940E+01         0.85354E+00
   1.220         0.11940E+01         0.85355E+00
   1.221         0.11939E+01         0.85355E+00
   1.222         0.11939E+01         0.85356E+00
   1.223         0.11939E+01         0.85357E+00
   1.224         0.11939E+01         0.85357E+00
   1.225         0.11939E+01         0.85358E+00
   1.226         0.11939E+01         0.85359E+00
   1.227         0.11939E+01         0.85359E+00
   1.228         0.11939E+01         0.85360E+00
   1.229         0.11938E+01         0.85361E+00
   1.230         0.11938E+01         0.85361E+00
   1.231         0.11938E+01         0.85362E+00
   1.232         0.11938E+01         0.85363E+00
   1.233         0.11938E+01         0.85364E+00
   1.234         0.11938E+01         0.85364E+00
   1.235         0.11938E+01         0.85365E+00
   1.236         0.11938E+01         0.85366E+00
   1.237         0.11937E+01         0.85366E+00
   1.238         0.11937E+01         0.85367E+00
   1.239         0.11937E+01         0.85368E+00
   1.240         0.11937E+01         0.85368E+00
   1.241         0.11937E+01         0.85369E+00
   1.242         0.11937E+01         0.85370E+00
   1.243         0.11937E+01         0.85370E+00
   1.244         0.11937E+01         0.85371E+00
   1.245         0.11937E+01         0.85372E+00
   1.246         0.11936E+01         0.85372E+00
   1.247         0.11936E+01         0.85373E+00
   1.248         0.11936E+01         0.85373E+00
   1.249         0.11936E+01         0.85374E+00
   1.250         0.11936E+01         0.85375E+00
   1.251         0.11936E+01         0.85375E+00
   1.252         0.11936E+01         0.85376E+00
   1.253         0.11936E+01         0.85377E+00
   1.254         0.11935E+01         0.85377E+00
   1.255         0.11935E+01         0.85378E+00
   1.256         0.11935E+01         0.85379E+00
   1.257         0.11935E+01         0.85379E+00
   1.258         0.11935E+01         0.85380E+00
   1.259         0.11935E+01         0.85381E+00
   1.260         0.11935E+01         0.85381E+00
   1.261         0.11935E+01         0.85382E+00
   1.262         0.11935E+01         0.85383E+00
   1.263         0.11934E+01         0.85383E+00
   1.264         0.11934E+01         0.85384E+00
   1.265         0.11934E+01         0.85384E+00
   1.266         0.11934E+01         0.85385E+00
   1.267         0.11934E+01         0.85386E+00
   1.268         0.11934E+01         0.85386E+00
   1.269         0.11934E+01         0.85387E+00
   1.270         0.11934E+01         0.85388E+00
   1.271         0.11933E+01         0.85388E+00
   1.272         0.11933E+01         0.85389E+00
   1.273         0.11933E+01         0.85389E+00
   1.274         0.11933E+01         0.85390E+00
   1.275         0.11933E+01         0.85391E+00
   1.276         0.11933E+01         0.85391E+00
   1.277         0.11933E+01         0.85392E+00
   1.278         0.11933E+01         0.85393E+00
   1.279         0.11933E+01         0.85393E+00
   1.280         0.11932E+01         0.85394E+00
   1.281         0.11932E+01         0.85394E+00
   1.282         0.11932E+01         0.85395E+00
   1.283         0.11932E+01         0.85396E+00
   1.284         0.11932E+01         0.85396E+00
   1.285         0.11932E+01         0.85397E+00
   1.286         0.11932E+01         0.85397E+00
   1.287         0.11932E+01         0.85398E+00
   1.288         0.11932E+01         0.85399E+00
   1.289         0.11931E+01         0.85399E+00
   1.290         0.11931E+01         0.85400E+00
   1.291         0.11931E+01         0.85400E+00
   1.292         0.11931E+01         0.85401E+00
   1.293         0.11931E+01         0.85402E+00
   1.294         0.11931E+01         0.85402E+00
   1.295         0.11931E+01         0.85403E+00
   1.296         0.11931E+01         0.85403E+00
   1.297         0.11931E+01         0.85404E+00
   1.298         0.11930E+01         0.85405E+00
   1.299         0.11930E+01         0.85405E+00
   1.300         0.11930E+01         0.85406E+00
   1.301         0.11930E+01         0.85406E+00
   1.302         0.11930E+01         0.85407E+00
   1.303         0.11930E+01         0.85407E+00
   1.304         0.11930E+01         0.85408E+00
   1.305         0.11930E+01         0.85409E+00
   1.306         0.11930E+01         0.85409E+00
   1.307         0.11930E+01         0.85410E+00
   1.308         0.11929E+01         0.85410E+00
   1.309         0.11929E+01         0.85411E+00
   1.310         0.11929E+01         0.85412E+00
   1.311         0.11929E+01         0.85412E+00
   1.312         0.11929E+01         0.85413E+00
   1.313         0.11929E+01         0.85413E+00
   1.314         0.11929E+01         0.85414E+00
   1.315         0.11929E+01         0.85414E+00
   1.316         0.11929E+01         0.85415E+00
   1.317         0.11928E+01         0.85416E+00
   1.318         0.11928E+01         0.85416E+00
   1.319         0.11928E+01         0.85417E+00
   1.320         0.11928E+01         0.85417E+00
   1.321         0.11928E+01         0.85418E+00
   1.322         0.11928E+01         0.85418E+00
   1.323         0.11928E+01         0.85419E+00
   1.324         0.11928E+01         0.85419E+00
   1.325         0.11928E+01         0.85420E+00
   1.326         0.11927E+01         0.85421E+00
   1.327         0.11927E+01         0.85421E+00
   1.328         0.11927E+01         0.85422E+00
   1.329         0.11927E+01         0.85422E+00
   1.330         0.11927E+01         0.85423E+00
   1.331         0.11927E+01         0.85423E+00
   1.332         0.11927E+01         0.85424E+00
   1.333         0.11927E+01         0.85424E+00
   1.334         0.11927E+01         0.85425E+00
   1.335         0.11927E+01         0.85426E+00
   1.336         0.11926E+01         0.85426E+00
   1.337         0.11926E+01         0.85427E+00
   1.338         0.11926E+01         0.85427E+00
   1.339         0.11926E+01         0.85428E+00
   1.340         0.11926E+01         0.85428E+00
   1.341         0.11926E+01         0.85429E+00
   1.342         0.11926E+01         0.85429E+00
   1.343         0.11926E+01         0.85430E+00
   1.344         0.11926E+01         0.85430E+00
   1.345         0.11926E+01         0.85431E+00
   1.346         0.11925E+01         0.85432E+00
   1.347         0.11925E+01         0.85432E+00
   1.348         0.11925E+01         0.85433E+00
   1.349         0.11925E+01         0.85433E+00
   1.350         0.11925E+01         0.85434E+00
   1.351         0.11925E+01         0.85434E+00
   1.352         0.11925E+01         0.85435E+00
   1.353         0.11925E+01         0.85435E+00
   1.354         0.11925E+01         0.85436E+00
   1.355         0.11925E+01         0.85436E+00
   1.356         0.11924E+01         0.85437E+00
   1.357         0.11924E+01         0.85437E+00
   1.358         0.11924E+01         0.85438E+00
   1.359         0.11924E+01         0.85438E+00
   1.360         0.11924E+01         0.85439E+00
   1.361         0.11924E+01         0.85439E+00
   1.362         0.11924E+01         0.85440E+00
   1.363         0.11924E+01         0.85440E+00
   1.364         0.11924E+01         0.85441E+00
   1.365         0.11924E+01         0.85441E+00
   1.366         0.11923E+01         0.85442E+00
   1.367         0.11923E+01         0.85443E+00
   1.368         0.11923E+01         0.85443E+00
   1.369         0.11923E+01         0.85444E+00
   1.370         0.11923E+01         0.85444E+00
   1.371         0.11923E+01         0.85445E+00
   1.372         0.11923E+01         0.85445E+00
   1.373         0.11923E+01         0.85446E+00
   1.374         0.11923E+01         0.85446E+00
   1.375         0.11923E+01         0.85447E+00
   1.376         0.11922E+01         0.85447E+00
   1.377         0.11922E+01         0.85448E+00
   1.378         0.11922E+01         0.85448E+00
   1.379         0.11922E+01         0.85449E+00
   1.380         0.11922E+01         0.85449E+00
   1.381         0.11922E+01         0.85450E+00
   1.382         0.11922E+01         0.85450E+00
   1.383         0.11922E+01         0.85451E+00
   1.384         0.11922E+01         0.85451E+00
   1.385         0.11922E+01         0.85452E+00
   1.386         0.11922E+01         0.85452E+00
   1.387         0.11921E+01         0.85453E+00
   1.388         0.11921E+01         0.85453E+00
   1.389         0.11921E+01         0.85454E+00
   1.390         0.11921E+01         0.85454E+00
   1.391         0.11921E+01         0.85455E+00
   1.392         0.11921E+01         0.85455E+00
   1.393         0.11921E+01         0.85455E+00
   1.394         0.11921E+01         0.85456E+00
   1.395         0.11921E+01         0.85456E+00
   1.396         0.11921E+01         0.85457E+00
   1.397         0.11920E+01         0.85457E+00
   1.398         0.11920E+01         0.85458E+00
   1.399         0.11920E+01         0.85458E+00
   1.400         0.11920E+01         0.85459E+00
   1.401         0.11920E+01         0.85459E+00
   1.402         0.11920E+01         0.85460E+00
   1.403         0.11920E+01         0.85460E+00
   1.404         0.11920E+01         0.85461E+00
   1.405         0.11920E+01         0.85461E+00
   1.406         0.11920E+01         0.85462E+00
   1.407         0.11920E+01         0.85462E+00
   1.408         0.11919E+01         0.85463E+00
   1.409         0.11919E+01         0.85463E+00
   1.410         0.11919E+01         0.85464E+00
   1.411         0.11919E+01         0.85464E+00
   1.412         0.11919E+01         0.85465E+00
   1.413         0.11919E+01         0.85465E+00
   1.414         0.11919E+01         0.85466E+00
   1.415         0.11919E+01         0.85466E+00
   1.416         0.11919E+01         0.85466E+00
   1.417         0.11919E+01         0.85467E+00
   1.418         0.11919E+01         0.85467E+00
   1.419         0.11918E+01         0.85468E+00
   1.420         0.11918E+01         0.85468E+00
   1.421         0.11918E+01         0.85469E+00
   1.422         0.11918E+01         0.85469E+00
   1.423         0.11918E+01         0.85470E+00
   1.424         0.11918E+01         0.85470E+00
   1.425         0.11918E+01         0.85471E+00
   1.426         0.11918E+01         0.85471E+00
   1.427         0.11918E+01         0.85472E+00
   1.428         0.11918E+01         0.85472E+00
   1.429         0.11918E+01         0.85472E+00
   1.430         0.11917E+01         0.85473E+00
   1.431         0.11917E+01         0.85473E+00
   1.432         0.11917E+01         0.85474E+00
   1.433         0.11917E+01         0.85474E+00
   1.434         0.11917E+01         0.85475E+00
   1.435         0.11917E+01         0.85475E+00
   1.436         0.11917E+01         0.85476E+00
   1.437         0.11917E+01         0.85476E+00
   1.438         0.11917E+01         0.85476E+00
   1.439         0.11917E+01         0.85477E+00
   1.440         0.11917E+01         0.85477E+00
   1.441         0.11917E+01         0.85478E+00
   1.442         0.11916E+01         0.85478E+00
   1.443         0.11916E+01         0.85479E+00
   1.444         0.11916E+01         0.85479E+00
   1.445         0.11916E+01         0.85480E+00
   1.446         0.11916E+01         0.85480E+00
   1.447         0.11916E+01         0.85480E+00
   1.448         0.11916E+01         0.85481E+00
   1.449         0.11916E+01         0.85481E+00
   1.450         0.11916E+01         0.85482E+00
   1.451         0.11916E+01         0.85482E+00
   1.452         0.11916E+01         0.85483E+00
   1.453         0.11915E+01         0.85483E+00
   1.454         0.11915E+01         0.85483E+00
   1.455         0.11915E+01         0.85484E+00
   1.456         0.11915E+01         0.85484E+00
   1.457         0.11915E+01         0.85485E+00
   1.458         0.11915E+01         0.85485E+00
   1.459         0.11915E+01         0.85486E+00
   1.460         0.11915E+01         0.85486E+00
   1.461         0.11915E+01         0.85486E+00
   1.462         0.11915E+01         0.85487E+00
   1.463         0.11915E+01         0.85487E+00
   1.464         0.11915E+01         0.85488E+00
   1.465         0.11914E+01         0.85488E+00
   1.466         0.11914E+01         0.85489E+00
   1.467         0.11914E+01         0.85489E+00
   1.468         0.11914E+01         0.85489E+00
   1.469         0.11914E+01         0.85490E+00
   1.470         0.11914E+01         0.85490E+00
   1.471         0.11914E+01         0.85491E+00
   1.472         0.11914E+01         0.85491E+00
   1.473         0.11914E+01         0.85492E+00
   1.474         0.11914E+01         0.85492E+00
   1.475         0.11914E+01         0.85492E+00
   1.476         0.11914E+01         0.85493E+00
   1.477         0.11913E+01         0.85493E+00
   1.478         0.11913E+01         0.85494E+00
   1.479         0.11913E+01         0.85494E+00
   1.480         0.11913E+01         0.85494E+00
   1.481         0.11913E+01         0.85495E+00
   1.482         0.11913E+01         0.85495E+00
   1.483         0.11913E+01         0.85496E+00
   1.484         0.11913E+01         0.85496E+00
   1.485         0.11913E+01         0.85496E+00
   1.486         0.11913E+01         0.85497E+00
   1.487         0.11913E+01         0.85497E+00
   1.488         0.11913E+01         0.85498E+00
   1.489         0.11912E+01         0.85498E+00
   1.490         0.11912E+01         0.85499E+00
   1.491         0.11912E+01         0.85499E+00
   1.492         0.11912E+01         0.85499E+00
   1.493         0.11912E+01         0.85500E+00
   1.494         0.11912E+01         0.85500E+00
   1.495         0.11912E+01         0.85501E+00
   1.496         0.11912E+01         0.85501E+00
   1.497         0.11912E+01         0.85501E+00
   1.498         0.11912E+01         0.85502E+00
   1.499         0.11912E+01         0.85502E+00
   1.500         0.11912E+01         0.85502E+00
   1.501         0.11911E+01         0.85503E+00
   1.502         0.11911E+01         0.85503E+00
   1.503         0.11911E+01         0.85504E+00
   1.504         0.11911E+01         0.85504E+00
   1.505         0.11911E+01         0.85504E+00
   1.506         0.11911E+01         0.85505E+00
   1.507         0.11911E+01         0.85505E+00
   1.508         0.11911E+01         0.85506E+00
   1.509         0.11911E+01         0.85506E+00
   1.510         0.11911E+01         0.85506E+00
   1.511         0.11911E+01         0.85507E+00
   1.512         0.11911E+01         0.85507E+00
   1.513         0.11911E+01         0.85508E+00
   1.514         0.11910E+01         0.85508E+00
   1.515         0.11910E+01         0.85508E+00
   1.516         0.11910E+01         0.85509E+00
   1.517         0.11910E+01         0.85509E+00
   1.518         0.11910E+01         0.85509E+00
   1.519         0.11910E+01         0.85510E+00
   1.520         0.11910E+01         0.85510E+00
   1.521         0.11910E+01         0.85511E+00
   1.522         0.11910E+01         0.85511E+00
   1.523         0.11910E+01         0.85511E+00
   1.524         0.11910E+01         0.85512E+00
   1.525         0.11910E+01         0.85512E+00
   1.526         0.11910E+01         0.85513E+00
   1.527         0.11909E+01         0.85513E+00
   1.528         0.11909E+01         0.85513E+00
   1.529         0.11909E+01         0.85514E+00
   1.530         0.11909E+01         0.85514E+00
   1.531         0.11909E+01         0.85514E+00
   1.532         0.11909E+01         0.85515E+00
   1.533         0.11909E+01         0.85515E+00
   1.534         0.11909E+01         0.85516E+00
   1.535         0.11909E+01         0.85516E+00
   1.536         0.11909E+01         0.85516E+00
   1.537         0.11909E+01         0.85517E+00
   1.538         0.11909E+01         0.85517E+00
   1.539         0.11909E+01         0.85517E+00
   1.540         0.11908E+01         0.85518E+00
   1.541         0.11908E+01         0.85518E+00
   1.542         0.11908E+01         0.85518E+00
   1.543         0.11908E+01         0.85519E+00
   1.544         0.11908E+01         0.85519E+00
   1.545         0.11908E+01         0.85520E+00
   1.546         0.11908E+01         0.85520E+00
   1.547         0.11908E+01         0.85520E+00
   1.548         0.11908E+01         0.85521E+00
   1.549         0.11908E+01         0.85521E+00
   1.550         0.11908E+01         0.85521E+00
   1.551         0.11908E+01         0.85522E+00
   1.552         0.11908E+01         0.85522E+00
   1.553         0.11907E+01         0.85522E+00
   1.554         0.11907E+01         0.85523E+00
   1.555         0.11907E+01         0.85523E+00
   1.556         0.11907E+01         0.85524E+00
   1.557         0.11907E+01         0.85524E+00
   1.558         0.11907E+01         0.85524E+00
   1.559         0.11907E+01         0.85525E+00
   1.560         0.11907E+01         0.85525E+00
   1.561         0.11907E+01         0.85525E+00
   1.562         0.11907E+01         0.85526E+00
   1.563         0.11907E+01         0.85526E+00
   1.564         0.11907E+01         0.85526E+00
   1.565         0.11907E+01         0.85527E+00
   1.566         0.11906E+01         0.85527E+00
   1.567         0.11906E+01         0.85527E+00
   1.568         0.11906E+01         0.85528E+00
   1.569         0.11906E+01         0.85528E+00
   1.570         0.11906E+01         0.85528E+00
   1.571         0.11906E+01         0.85529E+00
   1.572         0.11906E+01         0.85529E+00
   1.573         0.11906E+01         0.85529E+00
   1.574         0.11906E+01         0.85530E+00
   1.575         0.11906E+01         0.85530E+00
   1.576         0.11906E+01         0.85530E+00
   1.577         0.11906E+01         0.85531E+00
   1.578         0.11906E+01         0.85531E+00
   1.579         0.11906E+01         0.85532E+00
   1.580         0.11905E+01         0.85532E+00
   1.581         0.11905E+01         0.85532E+00
   1.582         0.11905E+01         0.85533E+00
   1.583         0.11905E+01         0.85533E+00
   1.584         0.11905E+01         0.85533E+00
   1.585         0.11905E+01         0.85534E+00
   1.586         0.11905E+01         0.85534E+00
   1.587         0.11905E+01         0.85534E+00
   1.588         0.11905E+01         0.85535E+00
   1.589         0.11905E+01         0.85535E+00
   1.590         0.11905E+01         0.85535E+00
   1.591         0.11905E+01         0.85536E+00
   1.592         0.11905E+01         0.85536E+00
   1.593         0.11905E+01         0.85536E+00
   1.594         0.11904E+01         0.85537E+00
   1.595         0.11904E+01         0.85537E+00
   1.596         0.11904E+01         0.85537E+00
   1.597         0.11904E+01         0.85538E+00
   1.598         0.11904E+01         0.85538E+00
   1.599         0.11904E+01         0.85538E+00
   1.600         0.11904E+01         0.85539E+00
   1.601         0.11904E+01         0.85539E+00
   1.602         0.11904E+01         0.85539E+00
   1.603         0.11904E+01         0.85540E+00
   1.604         0.11904E+01         0.85540E+00
   1.605         0.11904E+01         0.85540E+00
   1.606         0.11904E+01         0.85541E+00
   1.607         0.11904E+01         0.85541E+00
   1.608         0.11903E+01         0.85541E+00
   1.609         0.11903E+01         0.85541E+00
   1.610         0.11903E+01         0.85542E+00
   1.611         0.11903E+01         0.85542E+00
   1.612         0.11903E+01         0.85542E+00
   1.613         0.11903E+01         0.85543E+00
   1.614         0.11903E+01         0.85543E+00
   1.615         0.11903E+01         0.85543E+00
   1.616         0.11903E+01         0.85544E+00
   1.617         0.11903E+01         0.85544E+00
   1.618         0.11903E+01         0.85544E+00
   1.619         0.11903E+01         0.85545E+00
   1.620         0.11903E+01         0.85545E+00
   1.621         0.11903E+01         0.85545E+00
   1.622         0.11902E+01         0.85546E+00
   1.623         0.11902E+01         0.85546E+00
   1.624         0.11902E+01         0.85546E+00
   1.625         0.11902E+01         0.85547E+00
   1.626         0.11902E+01         0.85547E+00
   1.627         0.11902E+01         0.85547E+00
   1.628         0.11902E+01         0.85548E+00
   1.629         0.11902E+01         0.85548E+00
   1.630         0.11902E+01         0.85548E+00
   1.631         0.11902E+01         0.85548E+00
   1.632         0.11902E+01         0.85549E+00
   1.633         0.11902E+01         0.85549E+00
   1.634         0.11902E+01         0.85549E+00
   1.635         0.11902E+01         0.85550E+00
   1.636         0.11902E+01         0.85550E+00
   1.637         0.11901E+01         0.85550E+00
   1.638         0.11901E+01         0.85551E+00
   1.639         0.11901E+01         0.85551E+00
   1.640         0.11901E+01         0.85551E+00
   1.641         0.11901E+01         0.85552E+00
   1.642         0.11901E+01         0.85552E+00
   1.643         0.11901E+01         0.85552E+00
   1.644         0.11901E+01         0.85552E+00
   1.645         0.11901E+01         0.85553E+00
   1.646         0.11901E+01         0.85553E+00
   1.647         0.11901E+01         0.85553E+00
   1.648         0.11901E+01         0.85554E+00
   1.649         0.11901E+01         0.85554E+00
   1.650         0.11901E+01         0.85554E+00
   1.651         0.11901E+01         0.85555E+00
   1.652         0.11900E+01         0.85555E+00
   1.653         0.11900E+01         0.85555E+00
   1.654         0.11900E+01         0.85555E+00
   1.655         0.11900E+01         0.85556E+00
   1.656         0.11900E+01         0.85556E+00
   1.657         0.11900E+01         0.85556E+00
   1.658         0.11900E+01         0.85557E+00
   1.659         0.11900E+01         0.85557E+00
   1.660         0.11900E+01         0.85557E+00
   1.661         0.11900E+01         0.85557E+00
   1.662         0.11900E+01         0.85558E+00
   1.663         0.11900E+01         0.85558E+00
   1.664         0.11900E+01         0.85558E+00
   1.665         0.11900E+01         0.85559E+00
   1.666         0.11900E+01         0.85559E+00
   1.667         0.11900E+01         0.85559E+00
   1.668         0.11899E+01         0.85560E+00
   1.669         0.11899E+01         0.85560E+00
   1.670         0.11899E+01         0.85560E+00
   1.671         0.11899E+01         0.85560E+00
   1.672         0.11899E+01         0.85561E+00
   1.673         0.11899E+01         0.85561E+00
   1.674         0.11899E+01         0.85561E+00
   1.675         0.11899E+01         0.85562E+00
   1.676         0.11899E+01         0.85562E+00
   1.677         0.11899E+01         0.85562E+00
   1.678         0.11899E+01         0.85562E+00
   1.679         0.11899E+01         0.85563E+00
   1.680         0.11899E+01         0.85563E+00
   1.681         0.11899E+01         0.85563E+00
   1.682         0.11899E+01         0.85564E+00
   1.683         0.11898E+01         0.85564E+00
   1.684         0.11898E+01         0.85564E+00
   1.685         0.11898E+01         0.85564E+00
   1.686         0.11898E+01         0.85565E+00
   1.687         0.11898E+01         0.85565E+00
   1.688         0.11898E+01         0.85565E+00
   1.689         0.11898E+01         0.85565E+00
   1.690         0.11898E+01         0.85566E+00
   1.691         0.11898E+01         0.85566E+00
   1.692         0.11898E+01         0.85566E+00
   1.693         0.11898E+01         0.85567E+00
   1.694         0.11898E+01         0.85567E+00
   1.695         0.11898E+01         0.85567E+00
   1.696         0.11898E+01         0.85567E+00
   1.697         0.11898E+01         0.85568E+00
   1.698         0.11898E+01         0.85568E+00
   1.699         0.11897E+01         0.85568E+00
   1.700         0.11897E+01         0.85569E+00
   1.701         0.11897E+01         0.85569E+00
   1.702         0.11897E+01         0.85569E+00
   1.703         0.11897E+01         0.85569E+00
   1.704         0.11897E+01         0.85570E+00
   1.705         0.11897E+01         0.85570E+00
   1.706         0.11897E+01         0.85570E+00
   1.707         0.11897E+01         0.85570E+00
   1.708         0.11897E+01         0.85571E+00
   1.709         0.11897E+01         0.85571E+00
   1.710         0.11897E+01         0.85571E+00
   1.711         0.11897E+01         0.85572E+00
   1.712         0.11897E+01         0.85572E+00
   1.713         0.11897E+01         0.85572E+00
   1.714         0.11897E+01         0.85572E+00
   1.715         0.11896E+01         0.85573E+00
   1.716         0.11896E+01         0.85573E+00
   1.717         0.11896E+01         0.85573E+00
   1.718         0.11896E+01         0.85573E+00
   1.719         0.11896E+01         0.85574E+00
   1.720         0.11896E+01         0.85574E+00
   1.721         0.11896E+01         0.85574E+00
   1.722         0.11896E+01         0.85574E+00
   1.723         0.11896E+01         0.85575E+00
   1.724         0.11896E+01         0.85575E+00
   1.725         0.11896E+01         0.85575E+00
   1.726         0.11896E+01         0.85575E+00
   1.727         0.11896E+01         0.85576E+00
   1.728         0.11896E+01         0.85576E+00
   1.729         0.11896E+01         0.85576E+00
   1.730         0.11896E+01         0.85577E+00
   1.731         0.11896E+01         0.85577E+00
   1.732         0.11895E+01         0.85577E+00
   1.733         0.11895E+01         0.85577E+00
   1.734         0.11895E+01         0.85578E+00
   1.735         0.11895E+01         0.85578E+00
   1.736         0.11895E+01         0.85578E+00
   1.737         0.11895E+01         0.85578E+00
   1.738         0.11895E+01         0.85579E+00
   1.739         0.11895E+01         0.85579E+00
   1.740         0.11895E+01         0.85579E+00
   1.741         0.11895E+01         0.85579E+00
   1.742         0.11895E+01         0.85580E+00
   1.743         0.11895E+01         0.85580E+00
   1.744         0.11895E+01         0.85580E+00
   1.745         0.11895E+01         0.85580E+00
   1.746         0.11895E+01         0.85581E+00
   1.747         0.11895E+01         0.85581E+00
   1.748         0.11895E+01         0.85581E+00
   1.749         0.11894E+01         0.85581E+00
   1.750         0.11894E+01         0.85582E+00
   1.751         0.11894E+01         0.85582E+00
   1.752         0.11894E+01         0.85582E+00
   1.753         0.11894E+01         0.85582E+00
   1.754         0.11894E+01         0.85583E+00
   1.755         0.11894E+01         0.85583E+00
   1.756         0.11894E+01         0.85583E+00
   1.757         0.11894E+01         0.85583E+00
   1.758         0.11894E+01         0.85584E+00
   1.759         0.11894E+01         0.85584E+00
   1.760         0.11894E+01         0.85584E+00
   1.761         0.11894E+01         0.85584E+00
   1.762         0.11894E+01         0.85585E+00
   1.763         0.11894E+01         0.85585E+00
   1.764         0.11894E+01         0.85585E+00
   1.765         0.11894E+01         0.85585E+00
   1.766         0.11893E+01         0.85586E+00
   1.767         0.11893E+01         0.85586E+00
   1.768         0.11893E+01         0.85586E+00
   1.769         0.11893E+01         0.85586E+00
   1.770         0.11893E+01         0.85587E+00
   1.771         0.11893E+01         0.85587E+00
   1.772         0.11893E+01         0.85587E+00
   1.773         0.11893E+01         0.85587E+00
   1.774         0.11893E+01         0.85587E+00
   1.775         0.11893E+01         0.85588E+00
   1.776         0.11893E+01         0.85588E+00
   1.777         0.11893E+01         0.85588E+00
   1.778         0.11893E+01         0.85588E+00
   1.779         0.11893E+01         0.85589E+00
   1.780         0.11893E+01         0.85589E+00
   1.781         0.11893E+01         0.85589E+00
   1.782         0.11893E+01         0.85589E+00
   1.783         0.11893E+01         0.85590E+00
   1.784         0.11892E+01         0.85590E+00
   1.785         0.11892E+01         0.85590E+00
   1.786         0.11892E+01         0.85590E+00
   1.787         0.11892E+01         0.85591E+00
   1.788         0.11892E+01         0.85591E+00
   1.789         0.11892E+01         0.85591E+00
   1.790         0.11892E+01         0.85591E+00
   1.791         0.11892E+01         0.85592E+00
   1.792         0.11892E+01         0.85592E+00
   1.793         0.11892E+01         0.85592E+00
   1.794         0.11892E+01         0.85592E+00
   1.795         0.11892E+01         0.85592E+00
   1.796         0.11892E+01         0.85593E+00
   1.797         0.11892E+01         0.85593E+00
   1.798         0.11892E+01         0.85593E+00
   1.799         0.11892E+01         0.85593E+00
   1.800         0.11892E+01         0.85594E+00
   1.801         0.11892E+01         0.85594E+00
   1.802         0.11891E+01         0.85594E+00
   1.803         0.11891E+01         0.85594E+00
   1.804         0.11891E+01         0.85594E+00
   1.805         0.11891E+01         0.85595E+00
   1.806         0.11891E+01         0.85595E+00
   1.807         0.11891E+01         0.85595E+00
   1.808         0.11891E+01         0.85595E+00
   1.809         0.11891E+01         0.85596E+00
   1.810         0.11891E+01         0.85596E+00
   1.811         0.11891E+01         0.85596E+00
   1.812         0.11891E+01         0.85596E+00
   1.813         0.11891E+01         0.85597E+00
   1.814         0.11891E+01         0.85597E+00
   1.815         0.11891E+01         0.85597E+00
   1.816         0.11891E+01         0.85597E+00
   1.817         0.11891E+01         0.85597E+00
   1.818         0.11891E+01         0.85598E+00
   1.819         0.11891E+01         0.85598E+00
   1.820         0.11890E+01         0.85598E+00
   1.821         0.11890E+01         0.85598E+00
   1.822         0.11890E+01         0.85599E+00
   1.823         0.11890E+01         0.85599E+00
   1.824         0.11890E+01         0.85599E+00
   1.825         0.11890E+01         0.85599E+00
   1.826         0.11890E+01         0.85599E+00
   1.827         0.11890E+01         0.85600E+00
   1.828         0.11890E+01         0.85600E+00
   1.829         0.11890E+01         0.85600E+00
   1.830         0.11890E+01         0.85600E+00
   1.831         0.11890E+01         0.85600E+00
   1.832         0.11890E+01         0.85601E+00
   1.833         0.11890E+01         0.85601E+00
   1.834         0.11890E+01         0.85601E+00
   1.835         0.11890E+01         0.85601E+00
   1.836         0.11890E+01         0.85602E+00
   1.837         0.11890E+01         0.85602E+00
   1.838         0.11890E+01         0.85602E+00
   1.839         0.11889E+01         0.85602E+00
   1.840         0.11889E+01         0.85602E+00
   1.841         0.11889E+01         0.85603E+00
   1.842         0.11889E+01         0.85603E+00
   1.843         0.11889E+01         0.85603E+00
   1.844         0.11889E+01         0.85603E+00
   1.845         0.11889E+01         0.85603E+00
   1.846         0.11889E+01         0.85604E+00
   1.847         0.11889E+01         0.85604E+00
   1.848         0.11889E+01         0.85604E+00
   1.849         0.11889E+01         0.85604E+00
   1.850         0.11889E+01         0.85605E+00
   1.851         0.11889E+01         0.85605E+00
   1.852         0.11889E+01         0.85605E+00
   1.853         0.11889E+01         0.85605E+00
   1.854         0.11889E+01         0.85605E+00
   1.855         0.11889E+01         0.85606E+00
   1.856         0.11889E+01         0.85606E+00
   1.857         0.11889E+01         0.85606E+00
   1.858         0.11888E+01         0.85606E+00
   1.859         0.11888E+01         0.85606E+00
   1.860         0.11888E+01         0.85607E+00
   1.861         0.11888E+01         0.85607E+00
   1.862         0.11888E+01         0.85607E+00
   1.863         0.11888E+01         0.85607E+00
   1.864         0.11888E+01         0.85607E+00
   1.865         0.11888E+01         0.85608E+00
   1.866         0.11888E+01         0.85608E+00
   1.867         0.11888E+01         0.85608E+00
   1.868         0.11888E+01         0.85608E+00
   1.869         0.11888E+01         0.85608E+00
   1.870         0.11888E+01         0.85609E+00
   1.871         0.11888E+01         0.85609E+00
   1.872         0.11888E+01         0.85609E+00
   1.873         0.11888E+01         0.85609E+00
   1.874         0.11888E+01         0.85609E+00
   1.875         0.11888E+01         0.85610E+00
   1.876         0.11888E+01         0.85610E+00
   1.877         0.11887E+01         0.85610E+00
   1.878         0.11887E+01         0.85610E+00
   1.879         0.11887E+01         0.85610E+00
   1.880         0.11887E+01         0.85611E+00
   1.881         0.11887E+01         0.85611E+00
   1.882         0.11887E+01         0.85611E+00
   1.883         0.11887E+01         0.85611E+00
   1.884         0.11887E+01         0.85611E+00
   1.885         0.11887E+01         0.85612E+00
   1.886         0.11887E+01         0.85612E+00
   1.887         0.11887E+01         0.85612E+00
   1.888         0.11887E+01         0.85612E+00
   1.889         0.11887E+01         0.85612E+00
   1.890         0.11887E+01         0.85613E+00
   1.891         0.11887E+01         0.85613E+00
   1.892         0.11887E+01         0.85613E+00
   1.893         0.11887E+01         0.85613E+00
   1.894         0.11887E+01         0.85613E+00
   1.895         0.11887E+01         0.85614E+00
   1.896         0.11887E+01         0.85614E+00
   1.897         0.11886E+01         0.85614E+00
   1.898         0.11886E+01         0.85614E+00
   1.899         0.11886E+01         0.85614E+00
   1.900         0.11886E+01         0.85615E+00
